0.000357143 1577.477 1.139558 -2.097288 0.002154331 1578.616558 -2.095133669
0.000784161 43.70087 1.091555 3.439882 0.001342047 44.792425 3.441224047
0.00128984 20.35918 1.045635 6.784184 -0.004476856 21.404815 6.779707144
0.00189339 19.10739 1.001599 6.512164 -0.01243411 20.108989 6.49972989
0.0025898 18.32658 0.9561358 6.144479 -0.01700729 19.2827158 6.12747171
0.00341886 17.61596 0.9115647 6.318465 -0.02190189 18.5275247 6.29656311
0.00439422 17.02574 0.8687704 6.559418 -0.0268241 17.8945104 6.5325939
0.00550892 16.59117 0.8290957 6.807021 -0.03088022 17.4202657 6.77614078
0.00682629 16.25384 0.7925282 7.25435 -0.03390523 17.0463682 7.22044477
0.00829004 15.95325 0.7616329 7.575838 -0.03585741 16.7148829 7.53998059
0.00996289 15.66154 0.7355782 8.068861 -0.03748675 16.3971182 8.03137425
0.0119703 15.35434 0.7135997 8.565706 -0.03887339 16.0679397 8.52683261
0.0139777 15.04223 0.699061 8.492058 -0.03902145 15.741291 8.45303655
0.0159852 14.79366 0.6889755 8.660836 -0.03852345 15.4826355 8.62231255
0.0179926 14.58912 0.6814764 8.717308 -0.03848183 15.2705964 8.67882617
0.02 14.4711 0.6759792 8.677002 -0.03824852 15.1470792 8.63875348
0.0222222 14.40956 0.6715307 8.741566 -0.03872324 15.0810907 8.70284276
0.0247619 14.39769 0.6674083 8.553735 -0.04020434 15.0650983 8.51353066
0.0278095 14.44352 0.6624814 8.2419 -0.04272923 15.1060014 8.19917077
0.0308571 14.46586 0.6607201 7.424477 -0.04411143 15.1265801 7.38036557
0.0339048 14.49936 0.659411 6.937596 -0.04524173 15.158771 6.89235427
0.0369524 14.53836 0.6584332 6.455713 -0.0464298 15.1967932 6.4092832
0.04 14.55933 0.6575507 6.021659 -0.04746442 15.2168807 5.97419458
0.0433333 14.60532 0.655029 5.789431 -0.04928204 15.260349 5.74014896
0.0466667 14.62339 0.654675 5.248318 -0.05046655 15.278065 5.19785145
0.05 14.63494 0.6538427 4.964955 -0.05125591 15.2887827 4.91369909
0.0533333 14.63152 0.6526656 4.743226 -0.05258624 15.2841856 4.69063976
0.0566667 14.61456 0.6500398 4.583363 -0.05406693 15.2645998 4.52929607
0.06 14.5804 0.6475495 4.464609 -0.05463002 15.2279495 4.40997898
0.0633333 14.53351 0.6456919 4.360475 -0.0561566 15.1792019 4.3043184
0.0666667 14.49234 0.642986 4.266283 -0.05745718 15.135326 4.20882582
0.07 14.45031 0.6390216 4.187681 -0.05806955 15.0893316 4.12961145
0.0733333 14.41045 0.6364661 4.115603 -0.05919099 15.0469161 4.05641201
0.0766667 14.37047 0.6334598 4.036538 -0.05999642 15.0039298 3.97654158
0.08 14.3325 0.6305173 3.990047 -0.06049208 14.9630173 3.92955492
0.0833333 14.29041 0.6278276 3.945831 -0.06103163 14.9182376 3.88479937
0.0866667 14.24255 0.6251523 3.913678 -0.0617259 14.8677023 3.8519521
0.09 14.19293 0.6219816 3.902698 -0.06196354 14.8149116 3.84073446
0.0933333 14.1293 0.6190861 3.887311 -0.06207451 14.7483861 3.82523649
0.0966667 14.05825 0.6166944 3.880236 -0.06245888 14.6749444 3.81777712
0.1 13.98195 0.6139782 3.897705 -0.06257543 14.5959282 3.83512957
0.103333 13.8908 0.6108064 3.9276 -0.06177364 14.5016064 3.86582636
0.106667 13.78894 0.6082687 3.935796 -0.0617062 14.3972087 3.8740898
0.11 13.67673 0.6055773 3.977846 -0.06150623 14.2823073 3.91633977
0.113333 13.56146 0.6021345 4.040692 -0.0605052 14.1635945 3.9801868
0.116667 13.42571 0.5995202 4.10056 -0.05980006 14.0252302 4.04075994
0.12 13.28912 0.5967885 4.156564 -0.05903863 13.8859085 4.09752537
0.123333 13.15281 0.59429 4.240835 -0.05796536 13.7471 4.18286964
0.126667 13.01846 0.5918298 4.325201 -0.05645726 13.6102898 4.26874374
0.13 12.88632 0.5895761 4.388779 -0.05505443 13.4758961 4.33372457
0.133333 12.78034 0.5868145 4.437732 -0.0535588 13.3671545 4.3841732
0.136667 12.68696 0.5847967 4.472293 -0.05182796 13.2717567 4.42046504
0.14 12.60944 0.5832118 4.477809 -0.04992244 13.1926518 4.42788656
0.144 12.57887 0.5790254 4.798638 -0.04840503 13.1578954 4.75023297
0.148 12.52825 0.5780474 4.354691 -0.04562337 13.1062974 4.30906763
0.152 12.52293 0.5761434 4.237055 -0.04352564 13.0990734 4.19352936
0.156 12.50601 0.5741214 4.111045 -0.04109807 13.0801314 4.06994693
0.16 12.47855 0.5717364 3.983484 -0.03878588 13.0502864 3.94469812
0.164 12.42147 0.5681364 3.915162 -0.03706957 12.9896064 3.87809243
0.168 12.34499 0.5662088 3.897474 -0.03466064 12.9111988 3.86281336
0.172 12.23038 0.5644188 3.94625 -0.03254687 12.7947988 3.91370313
0.176 12.09818 0.5613838 4.074366 -0.03091549 12.6595638 4.04345051
0.18 11.95783 0.5597762 4.275235 -0.02823487 12.5176062 4.24700013
0.184 11.80665 0.5575828 4.542143 -0.02676293 12.3642328 4.51538007
0.188 11.64578 0.5547905 4.872419 -0.02568975 12.2005705 4.84672925
0.192 11.49149 0.5534801 5.254146 -0.02368857 12.0449701 5.23045743
0.196 11.35317 0.5519495 5.654529 -0.02313458 11.9051195 5.63139442
0.2 11.22465 0.5483643 6.088693 -0.02365514 11.7730143 6.06503786
0.204 11.11795 0.5478286 6.52308 -0.02241324 11.6657786 6.50066676
0.208 11.05047 0.5459081 6.932862 -0.0231554 11.5963781 6.9097066
0.212 11.00836 0.543672 7.316474 -0.02387454 11.552032 7.29259946
0.216 11.00337 0.5432336 7.638708 -0.02394942 11.5466036 7.61475858
0.22 11.03881 0.542493 7.873918 -0.02497562 11.581303 7.84894238
0.224 11.10776 0.5416352 8.017466 -0.02612705 11.6493952 7.99133895
0.228 11.20959 0.5415272 8.069813 -0.02726813 11.7511172 8.04254487
0.232 11.32927 0.5416294 8.027931 -0.02862536 11.8708994 7.99930564
0.236 11.45734 0.5416543 7.936377 -0.03013229 11.9989943 7.90624471
0.24 11.58512 0.5414802 7.811947 -0.03169146 12.1266002 7.78025554
0.244 11.7085 0.541189 7.685729 -0.03326555 12.249689 7.65246345
0.248 11.82066 0.5408128 7.58654 -0.03474429 12.3614728 7.55179571
0.252 11.9223 0.5404933 7.511334 -0.03607707 12.4627933 7.47525693
0.256 12.00852 0.540455 7.461308 -0.03724061 12.548975 7.42406739
0.26 12.0938 0.5408813 7.455601 -0.03833826 12.6346813 7.41726274
0.264 12.16151 0.540296 7.466699 -0.03941855 12.701806 7.42728045
0.268 12.22969 0.5397887 7.505239 -0.04017445 12.7694787 7.46506455
0.272 12.2791 0.5408071 7.562672 -0.04121028 12.8199071 7.52146172
0.276 12.31269 0.5410985 7.624253 -0.0419167 12.8537885 7.5823363
0.28 12.34519 0.5422943 7.678404 -0.04273956 12.8874843 7.63566444
0.284 12.35804 0.5430108 7.728263 -0.04381991 12.9010508 7.68444309
0.288 12.35978 0.5427311 7.801968 -0.04365182 12.9025111 7.75831618
0.292 12.35125 0.5441072 7.83456 -0.04431091 12.8953572 7.79024909
0.296 12.30197 0.5451012 7.883733 -0.04515849 12.8470712 7.83857451
0.3 12.27156 0.5453739 7.951511 -0.04540394 12.8169339 7.90610706
0.304 12.20477 0.5447906 7.999171 -0.04456756 12.7495606 7.95460344
0.308 12.13314 0.5451198 8.066593 -0.04464406 12.6782598 8.02194894
0.312 12.04201 0.5454541 8.147415 -0.04456072 12.5874641 8.10285428
0.316 11.94169 0.5452545 8.222485 -0.0438961 12.4869445 8.1785889
0.32 11.8489 0.5441385 8.306074 -0.04236088 12.3930385 8.26371312
0.324 11.74887 0.5437394 8.389893 -0.04114664 12.2926094 8.34874636
0.328 11.67302 0.5440291 8.436899 -0.03992284 12.2170491 8.39697616
0.332 11.61972 0.5440399 8.440947 -0.03840967 12.1637599 8.40253733
0.336 11.6025 0.5432365 8.394979 -0.03665682 12.1457365 8.35832218
0.34 11.62589 0.5424824 8.287479 -0.03473117 12.1683724 8.25274783
0.344 11.68292 0.5416447 8.107053 -0.0328527 12.2245647 8.0742003
0.348 11.76221 0.5404223 7.859371 -0.03103012 12.3026323 7.82834088
0.352 11.85252 0.5389147 7.570785 -0.02923699 12.3914347 7.54154801
0.356 11.93551 0.5372162 7.247867 -0.02742033 12.4727262 7.22044667
0.36 12.00244 0.5353977 6.938299 -0.02549212 12.5378377 6.91280688
0.364 12.03815 0.5336153 6.673893 -0.02338669 12.5717653 6.65050631
0.368 12.04971 0.531929 6.448833 -0.02108344 12.581639 6.42774956
0.372 12.02938 0.5304779 6.28545 -0.01861541 12.5598579 6.26683459
0.376 11.97512 0.5294893 6.195528 -0.01608046 12.5046093 6.17944754
0.38 11.89424 0.5289793 6.188016 -0.01355486 12.4232193 6.17446114
0.384 11.77583 0.5287537 6.243109 -0.01134656 12.3045837 6.23176244
0.388 11.63469 0.5280347 6.376684 -0.009316491 12.1627247 6.367367509
0.392 11.48916 0.5272033 6.553971 -0.008484314 12.0163633 6.545486686
0.396 11.33106 0.5282694 6.788249 -0.006908227 11.8593294 6.781340773
0.4 11.1935 0.528298 7.041781 -0.006573049 11.721798 7.035207951
0.404 11.06746 0.5257914 7.307097 -0.006762496 11.5932514 7.300334504
0.408 10.97547 0.5264466 7.547559 -0.006866255 11.5019166 7.540692745
0.412 10.90323 0.5281783 7.791159 -0.006490494 11.4314083 7.784668506
0.416 10.87643 0.5272154 7.976589 -0.007471868 11.4036454 7.969117132
0.42 10.88089 0.528683 8.096549 -0.007867939 11.409573 8.088681061
0.424 10.9109 0.5303747 8.133557 -0.008697503 11.4412747 8.124859497
0.428 10.97364 0.5319117 8.084096 -0.009742844 11.5055517 8.074353156
0.432 11.05854 0.5332338 7.957344 -0.01098358 11.5917738 7.94636042
0.436 11.15275 0.5342943 7.784088 -0.01235207 11.6870443 7.77173593
0.44 11.24472 0.5351734 7.585193 -0.01376939 11.7798934 7.57142361
0.444 11.33301 0.535512 7.366176 -0.01504723 11.868522 7.35112877
0.448 11.41027 0.5363882 7.170157 -0.0163884 11.9466582 7.1537686
0.452 11.47474 0.53725 6.993267 -0.01752715 12.01199 6.97573985
0.456 11.53074 0.5373892 6.836155 -0.01802315 12.0681292 6.81813185
0.46 11.57682 0.5395228 6.717332 -0.01885024 12.1163428 6.69848176
0.464 11.60962 0.5419837 6.61968 -0.01943909 12.1516037 6.60024091
0.468 11.63317 0.5434683 6.555489 -0.01949387 12.1766383 6.53599513
0.472 11.6395 0.5463886 6.522713 -0.01994201 12.1858886 6.50277099
0.476 11.63218 0.5471188 6.517875 -0.02050798 12.1792988 6.49736702
0.48 11.60326 0.5481943 6.530279 -0.02049407 12.1514543 6.50978493
0.484 11.5696 0.5505491 6.553179 -0.02085421 12.1201491 6.53232479
0.488 11.5156 0.5520772 6.594752 -0.02128725 12.0676772 6.57346475
0.492 11.45224 0.5527165 6.653738 -0.02101194 12.0049565 6.63272606
0.496 11.38055 0.5536114 6.712521 -0.02098018 11.9341614 6.69154082
0.5 11.2973 0.5559841 6.780762 -0.02118454 11.8532841 6.75957746
0.504 11.19897 0.5571657 6.87541 -0.02094254 11.7561357 6.85446746
0.508 11.09803 0.5553463 6.968505 -0.01995753 11.6533763 6.94854747
0.512 10.99114 0.5560018 7.084416 -0.01939622 11.5471418 7.06501978
0.516 10.87585 0.5564329 7.207321 -0.01872569 11.4322829 7.18859531
0.52 10.76436 0.5560307 7.325598 -0.01766547 11.3203907 7.30793253
0.524 10.6663 0.5551947 7.442425 -0.01625113 11.2214947 7.42617387
0.528 10.58081 0.5543716 7.534322 -0.01461554 11.1351816 7.51970646
0.532 10.52631 0.5534313 7.601462 -0.01280933 11.0797413 7.58865267
0.536 10.49673 0.5524508 7.62325 -0.01084296 11.0491808 7.61240704
0.54 10.49677 0.5514388 7.589926 -0.008801768 11.0482088 7.581124232
0.544 10.52409 0.5503042 7.520561 -0.006707799 11.0743942 7.513853201
0.548 10.56789 0.5491086 7.391817 -0.004643482 11.1169986 7.387173518
0.552 10.61699 0.5477721 7.241481 -0.002615681 11.1647621 7.238865319
0.556 10.66005 0.5462627 7.073448 -0.0006670093 11.2063127 7.0727809907
0.56 10.68676 0.5445982 6.90717 0.001241918 11.2313582 6.908411918
0.564 10.68824 0.542857 6.775195 0.003123301 11.231097 6.778318301
0.568 10.66885 0.5410158 6.675405 0.004951962 11.2098658 6.680356962
0.572 10.62971 0.5389112 6.631584 0.006818064 11.1686212 6.638402064
0.576 10.5625 0.5367367 6.638061 0.008564835 11.0992367 6.646625835
0.58 10.48393 0.534659 6.701481 0.01019819 11.018589 6.71167919
0.584 10.39198 0.5327174 6.82123 0.01161236 10.9246974 6.83284236
0.588 10.28037 0.5308415 6.987226 0.01282979 10.8112115 7.00005579
0.592 10.17105 0.5290312 7.189793 0.01375294 10.7000812 7.20354594
0.596 10.06625 0.5271874 7.448826 0.01440718 10.5934374 7.46323318
0.6 9.966075 0.5252795 7.714946 0.01475086 10.4913545 7.72969686
0.604 9.867728 0.5232821 8.003749 0.01485908 10.3910101 8.01860808
0.608 9.801464 0.5212615 8.307171 0.01475468 10.3227255 8.32192568
0.612 9.755234 0.519291 8.58384 0.01444775 10.274525 8.59828775
0.616 9.722603 0.5175897 8.821486 0.01406139 10.2401927 8.83554739
0.62 9.748598 0.5164684 8.948682 0.01352291 10.2650664 8.96220491
0.624 9.804939 0.5159553 8.978842 0.01287046 10.3208943 8.99171246
0.628 9.900671 0.5160109 8.849184 0.0120105 10.4166819 8.8611945
0.632 10.02505 0.5161557 8.618395 0.01097969 10.5412057 8.62937469
0.636 10.14927 0.5158988 8.332884 0.009772142 10.6651688 8.342656142
0.64 10.27488 0.5150548 8.037514 0.008424462 10.7899348 8.045938462
0.644 10.37723 0.5135533 7.784436 0.007067183 10.8907833 7.791503183
0.648 10.46557 0.5116306 7.557538 0.005797726 10.9772006 7.563335726
0.652 10.54449 0.509594 7.366958 0.004696909 11.054084 7.371654909
0.656 10.61356 0.507747 7.2223 0.003880679 11.121307 7.226180679
0.66 10.66935 0.5063651 7.088084 0.003324606 11.1757151 7.091408606
0.664 10.7162 0.5054311 6.986321 0.003036042 11.2216311 6.989357042
0.668 10.75991 0.5049691 6.908358 0.002956453 11.2648791 6.911314453
0.672 10.78704 0.504746 6.831374 0.002945901 11.291786 6.834319901
0.676 10.8073 0.5047446 6.789551 0.003042233 11.3120446 6.792593233
0.68 10.82507 0.5049413 6.754801 0.003204675 11.3300113 6.758005675
0.684 10.82372 0.5051911 6.738979 0.003512094 11.3289111 6.742491094
0.688 10.81173 0.5055285 6.734149 0.003943669 11.3172585 6.738092669
0.692 10.78842 0.505868 6.730452 0.004499988 11.294288 6.734951988
0.696 10.74227 0.5061456 6.754468 0.005236886 11.2484156 6.759704886
0.7 10.68572 0.5063494 6.766714 0.006132548 11.1920694 6.772846548
0.704 10.60768 0.5063877 6.809121 0.007240657 11.1140677 6.816361657
0.708 10.51441 0.5062383 6.875319 0.008554145 11.0206483 6.883873145
0.712 10.39982 0.5058433 6.945055 0.01005234 10.9056633 6.95510734
0.716 10.27345 0.5052387 7.028484 0.01177314 10.7786887 7.04025714
0.72 10.14014 0.5044119 7.139635 0.01372805 10.6445519 7.15336305
0.724 10.00815 0.5034448 7.240263 0.0158939 10.5115948 7.2561569
0.728 9.895152 0.5024171 7.332875 0.01824845 10.3975691 7.35112345
0.732 9.805085 0.5014225 7.407311 0.02073028 10.3065075 7.42804128
0.736 9.749265 0.5005986 7.44468 0.02326849 10.2498636 7.46794849
0.74 9.726449 0.4998732 7.420417 0.02568458 10.2263222 7.44610158
0.744 9.750236 0.4992339 7.340381 0.02786529 10.2494699 7.36824629
0.748 9.798563 0.4982296 7.223682 0.02988245 10.2967926 7.25356445
0.752 9.859467 0.4969502 7.053767 0.03176386 10.3564172 7.08553086
0.756 9.917056 0.4953701 6.878679 0.03332306 10.4124261 6.91200206
0.76 9.960279 0.4935535 6.726384 0.03451663 10.4538325 6.76090063
0.764 9.972546 0.4915233 6.607318 0.03532479 10.4640693 6.64264279
0.768 9.959876 0.4893455 6.531179 0.03577856 10.4492215 6.56695756
0.772 9.921158 0.4870514 6.518849 0.0359486 10.4082094 6.5547976
0.776 9.861781 0.4847072 6.572367 0.03590985 10.3464882 6.60827685
0.78 9.790838 0.4824266 6.674508 0.0356542 10.2732646 6.7101622
0.784 9.701795 0.480237 6.846059 0.03522182 10.182032 6.88128082
0.788 9.621678 0.4782123 7.069142 0.03454379 10.0998903 7.10368579
0.792 9.53553 0.4763499 7.33314 0.03364158 10.0118799 7.36678158
0.796 9.451634 0.474676 7.635058 0.03247947 9.92631 7.66753747
0.8 9.386043 0.4731742 7.964948 0.03098912 9.8592172 7.99593712
0.804 9.338219 0.471862 8.30448 0.02919575 9.810081 8.33367575
0.808 9.307568 0.4707227 8.635459 0.02708646 9.7782907 8.66254546
0.812 9.304875 0.469775 8.928344 0.02473434 9.77465 8.95307834
0.816 9.337935 0.469068 9.172228 0.02216704 9.807003 9.19439504
0.82 9.403418 0.4685917 9.338808 0.01940296 9.8720097 9.35821096
0.824 9.497131 0.4683637 9.413732 0.01650389 9.9654947 9.43023589
0.828 9.619931 0.4682848 9.40566 0.01338536 10.0882158 9.41904536
0.832 9.758107 0.4681633 9.324603 0.01011667 10.2262703 9.33471967
0.836 9.90822 0.4678245 9.193987 0.006680557 10.3760445 9.200667557
0.84 10.04309 0.4671354 9.050367 0.003214998 10.5102254 9.053581998
0.844 10.18238 0.4660727 8.91022 -0.0002033881 10.6484527 8.9100166119
0.848 10.29147 0.4646345 8.796993 -0.003492537 10.7561045 8.793500463
0.852 10.39673 0.4629739 8.710526 -0.006611308 10.8597039 8.703914692
0.856 10.49094 0.4612038 8.66446 -0.009455841 10.9521438 8.655004159
0.86 10.5757 0.4593914 8.652495 -0.01202125 11.0350914 8.64047375
0.864 10.65674 0.4576117 8.657774 -0.01429259 11.1143517 8.64348141
0.868 10.73117 0.4559022 8.68646 -0.01620009 11.1870722 8.67025991
0.872 10.79638 0.4542146 8.721714 -0.01771204 11.2505946 8.70400196
0.876 10.86469 0.4526666 8.758894 -0.01881017 11.3173566 8.74008383
0.88 10.92972 0.4513726 8.790137 -0.01950444 11.3810926 8.77063256
0.884 10.98778 0.450343 8.802252 -0.01985296 11.438123 8.78239904
0.888 11.03086 0.4496234 8.812947 -0.01989997 11.4804834 8.79304703
0.892 11.05712 0.4492616 8.80198 -0.01962612 11.5063816 8.78235388
0.896 11.07566 0.4492448 8.77503 -0.01910787 11.5249048 8.75592213
0.9 11.07853 0.4495497 8.763108 -0.01833598 11.5280797 8.74477202
0.904 11.04799 0.4501537 8.748861 -0.01731147 11.4981437 8.73154953
0.908 11.01461 0.4510604 8.729534 -0.01608682 11.4656704 8.71344718
0.912 10.95013 0.452146 8.734869 -0.01462826 11.402276 8.72024074
0.916 10.85841 0.453367 8.757162 -0.01293126 11.311777 8.74423074
0.92 10.76754 0.4546365 8.788646 -0.01099331 11.2221765 8.77765269
0.924 10.66299 0.4558058 8.830821 -0.008806515 11.1187958 8.822014485
0.928 10.55888 0.4568678 8.858884 -0.0064308 11.0157478 8.8524532
0.932 10.4771 0.4578595 8.868075 -0.00387836 10.9349595 8.86419664
0.936 10.43074 0.4587807 8.824734 -0.001284358 10.8895207 8.823449642
0.94 10.41968 0.4596162 8.732016 0.001330457 10.8792962 8.733346457
0.944 10.44582 0.4603547 8.586712 0.003863958 10.9061747 8.590575958
0.948 10.49947 0.4609152 8.369445 0.006285367 10.9603852 8.375730367
0.952 10.56068 0.4612762 8.124343 0.008544459 11.0219562 8.132887459
0.956 10.6132 0.4614193 7.872859 0.0106204 11.0746193 7.8834794
0.96 10.65063 0.4610573 7.634106 0.01257428 11.1116873 7.64668028
0.964 10.66694 0.4604796 7.4584 0.01438393 11.1274196 7.47278393
0.968 10.63953 0.4597983 7.311126 0.0160406 11.0993283 7.3271666
0.972 10.58774 0.4591407 7.223402 0.0175104 11.0468807 7.2409124
0.976 10.51568 0.4586347 7.197868 0.01877119 10.9743147 7.21663919
0.98 10.42569 0.4583239 7.223688 0.01983562 10.8840139 7.24352362
0.984 10.32231 0.4582743 7.293676 0.02069883 10.7805843 7.31437483
0.988 10.21467 0.4585268 7.408302 0.02134563 10.6731968 7.42964763
0.992 10.10972 0.4590868 7.572067 0.02178827 10.5688068 7.59385527
0.996 9.998319 0.4599504 7.779261 0.0220249 10.4582694 7.8012859
1.0 9.90171 0.4611158 8.017371 0.02196782 10.3628258 8.03933882
1.004 9.814075 0.4625496 8.278509 0.02158904 10.2766246 8.30009804
1.008 9.739841 0.4641733 8.53705 0.02083312 10.2040143 8.55788312
1.012 9.697177 0.4659772 8.772292 0.01978358 10.1631542 8.79207558
1.016 9.680311 0.4679528 8.959637 0.01853113 10.1482638 8.97816813
1.02 9.697205 0.4700662 9.089097 0.01704902 10.1672712 9.10614602
1.024 9.747968 0.4722548 9.123319 0.0153298 10.2202228 9.1386488
1.028 9.827867 0.4743322 9.071647 0.01335376 10.3021992 9.08500076
1.032 9.931774 0.4761635 8.95296 0.01119806 10.4079375 8.96415806
1.036 10.04324 0.4776219 8.77693 0.00885784 10.5208619 8.78578784
1.04 10.15521 0.4786576 8.57356 0.006388266 10.6338676 8.579948266
1.044 10.25347 0.4792005 8.366273 0.003918893 10.7326705 8.370191893
1.048 10.34141 0.4792872 8.172273 0.001529878 10.8206972 8.173802878
1.052 10.42063 0.4790083 7.99147 -0.0007476414 10.8996383 7.9907223586
1.056 10.48231 0.4784669 7.841007 -0.00278236 10.9607769 7.83822464
1.06 10.535 0.4777715 7.71503 -0.004551206 11.0127715 7.710478794
1.064 10.57713 0.4770867 7.604937 -0.005975948 11.0542167 7.598961052
1.068 10.61037 0.4765271 7.523125 -0.007009131 11.0868971 7.516115869
1.072 10.6366 0.4762666 7.453 -0.007591214 11.1128666 7.445408786
1.076 10.66105 0.4761373 7.393349 -0.007547584 11.1371873 7.385801416
1.08 10.67679 0.47708 7.346662 -0.007347202 11.15387 7.339314798
1.084 10.69314 0.4786348 7.310944 -0.006880639 11.1717748 7.304063361
1.088 10.69496 0.4806185 7.284035 -0.00617656 11.1755785 7.27785844
1.092 10.696 0.4826204 7.255351 -0.00517259 11.1786204 7.25017841
1.096 10.6811 0.4851491 7.261014 -0.004320389 11.1662491 7.256693611
1.1 10.65321 0.4875245 7.25963 -0.003379625 11.1407345 7.256250375
1.104 10.59989 0.489536 7.280639 -0.002212541 11.089426 7.278426459
1.108 10.53339 0.491148 7.320711 -0.0008173265 11.024538 7.3198936735
1.112 10.45541 0.4923388 7.375707 0.0007673387 10.9477488 7.3764743387
1.116 10.35654 0.4930699 7.437246 0.002546744 10.8496099 7.439792744
1.12 10.25451 0.4934368 7.515594 0.004518821 10.7479468 7.520112821
1.124 10.16084 0.4935364 7.594104 0.006658712 10.6543764 7.600762712
1.128 10.07123 0.4934188 7.671506 0.008976558 10.5646488 7.680482558
1.132 10.01102 0.4932692 7.717686 0.01136845 10.5042892 7.72905445
1.136 9.981489 0.4930742 7.736237 0.01378999 10.4745632 7.75002699
1.14 9.983586 0.4928519 7.712019 0.01612124 10.4764379 7.72814024
1.144 10.01715 0.4924667 7.633915 0.01829935 10.5096167 7.65221435
1.148 10.07273 0.4918688 7.521125 0.02031089 10.5645988 7.54143589
1.152 10.13041 0.4910118 7.383024 0.02212951 10.6214218 7.40515351
1.156 10.18447 0.4899051 7.227953 0.02379692 10.6743751 7.25174992
1.16 10.2226 0.4886512 7.09172 0.02527808 10.7112512 7.11699808
1.164 10.2291 0.4872919 6.981498 0.02665521 10.7163919 7.00815321
1.168 10.2143 0.4859579 6.912076 0.02790313 10.7002579 6.93997913
1.172 10.17825 0.4845011 6.895558 0.02909014 10.6627511 6.92464814
1.176 10.11939 0.4830736 6.928854 0.0301251 10.6024636 6.9589791
1.18 10.04105 0.4818601 7.017431 0.03097354 10.5229101 7.04840454
1.184 9.953668 0.4809386 7.155156 0.03159458 10.4346066 7.18675058
1.188 9.853721 0.4802847 7.341799 0.03199093 10.3340057 7.37378993
1.192 9.746805 0.4798288 7.565388 0.0321015 10.2266338 7.5974895
1.196 9.63973 0.4794445 7.834783 0.031985 10.1191745 7.866768
1.2 9.546938 0.4791766 8.123428 0.03154617 10.0261146 8.15497417
1.204 9.451101 0.4788624 8.433982 0.03085362 9.9299634 8.46483562
1.208 9.381355 0.4785543 8.749082 0.02991472 9.8599093 8.77899672
1.212 9.338857 0.4783963 9.046338 0.02874859 9.8172533 9.07508659
1.216 9.316443 0.4784799 9.300899 0.02744369 9.7949229 9.32834269
1.22 9.334505 0.4790046 9.456213 0.02592813 9.8135096 9.48214113
1.224 9.405374 0.480063 9.478086 0.02408597 9.885437 9.50217197
1.228 9.519727 0.4813073 9.347292 0.02187391 10.0010343 9.36916591
1.232 9.6586 0.482444 9.124688 0.01941978 10.141044 9.14410778
1.236 9.801622 0.4829969 8.828619 0.01672325 10.2846189 8.84534225
1.24 9.93196 0.4827997 8.536232 0.01393485 10.4147597 8.55016685
1.244 10.04723 0.4819388 8.273245 0.01108037 10.5291688 8.28432537
1.248 10.15077 0.4805448 8.046958 0.008306068 10.6313148 8.055264068
1.252 10.2269 0.4788361 7.873884 0.005751659 10.7057361 7.879635659
1.256 10.30538 0.4770864 7.710672 0.003371912 10.7824664 7.714043912
1.26 10.36922 0.4754327 7.594441 0.001359159 10.8446527 7.595800159
1.264 10.424 0.4740285 7.47728 -0.0003993627 10.8980285 7.4768806373
1.268 10.4769 0.472993 7.383098 -0.001812561 10.949893 7.381285439
1.272 10.5216 0.4723397 7.307797 -0.002960237 10.9939397 7.304836763
1.276 10.55783 0.4721001 7.231634 -0.003857123 11.0299301 7.227776877
1.28 10.58566 0.4722404 7.179285 -0.00448919 11.0579004 7.17479581
1.284 10.60718 0.4727656 7.130242 -0.00491963 11.0799456 7.12532237
1.288 10.60851 0.4736532 7.087939 -0.005082978 11.0821632 7.082856022
1.292 10.60187 0.4749628 7.057651 -0.005030031 11.0768328 7.052620969
1.296 10.57667 0.4766925 7.027745 -0.004737067 11.0533625 7.023007933
1.3 10.53882 0.4789055 7.0161 -0.004172305 11.0177255 7.011927695
1.304 10.4822 0.4816419 7.023189 -0.003403099 10.9638419 7.019785901
1.308 10.40655 0.4847799 7.034052 -0.002503775 10.8913299 7.031548225
1.312 10.30763 0.487876 7.096329 -0.00146743 10.795506 7.09486157
1.316 10.18375 0.4905815 7.169795 -0.0003334692 10.6743315 7.1694615308
1.32 10.0437 0.4926451 7.264169 0.001021746 10.5363451 7.265190746
1.324 9.901438 0.4940918 7.373871 0.00264725 10.3955298 7.37651825
1.328 9.764104 0.4951226 7.472645 0.004541601 10.2592266 7.477186601
1.332 9.657546 0.4959232 7.534268 0.006628848 10.1534692 7.540896848
1.336 9.589698 0.4965925 7.559768 0.008808806 10.0862905 7.568576806
1.34 9.557107 0.4971751 7.539343 0.01098622 10.0542821 7.55032922
1.344 9.578163 0.4977223 7.457076 0.01298649 10.0758853 7.47006249
1.348 9.614412 0.4981101 7.321837 0.01476726 10.1125221 7.33660426
1.352 9.671782 0.4982763 7.166663 0.01624242 10.1700583 7.18290542
1.356 9.715893 0.4981432 7.008307 0.01736453 10.2140362 7.02567153
1.36 9.740327 0.4974566 6.860716 0.01823981 10.2377836 6.87895581
1.364 9.740898 0.4961382 6.762475 0.01895028 10.2370362 6.78142528
1.368 9.719312 0.494434 6.718475 0.01952423 10.213746 6.73799923
1.372 9.666151 0.4924988 6.72492 0.01992895 10.1586498 6.74484895
1.376 9.595879 0.4904635 6.799315 0.02019902 10.0863425 6.81951402
1.38 9.518264 0.4884435 6.940503 0.02035661 10.0067075 6.96085961
1.384 9.426108 0.4864955 7.144549 0.02041267 9.9126035 7.16496167
1.388 9.331616 0.4846823 7.388857 0.02030653 9.8162983 7.40916353
1.392 9.240519 0.4830095 7.688661 0.02002571 9.7235285 7.70868671
1.396 9.160676 0.4815027 8.020368 0.01953458 9.6421787 8.03990258
1.4 9.093569 0.4801073 8.370468 0.01881354 9.5736763 8.38928154
1.404 9.045868 0.4788159 8.733425 0.01785802 9.5246839 8.75128302
1.408 9.023632 0.4776547 9.079129 0.01667265 9.5012867 9.09580165
1.412 9.029991 0.4766413 9.386157 0.01533618 9.5066323 9.40149318
1.416 9.070878 0.4758332 9.63294 0.01382976 9.5467112 9.64676976
1.42 9.144697 0.4752908 9.797201 0.01215525 9.6199878 9.80935625
1.424 9.252637 0.4750343 9.873247 0.01030191 9.7276713 9.88354891
1.428 9.389368 0.4749789 9.86205 0.008236391 9.8643469 9.870286391
1.432 9.535604 0.4749359 9.770355 0.005979466 10.0105399 9.776334466
1.436 9.687296 0.4747628 9.641325 0.003581662 10.1620588 9.644906662
1.44 9.83233 0.4743325 9.488746 0.00111718 10.3066625 9.48986318
1.444 9.96407 0.4736471 9.342867 -0.001374534 10.4377171 9.341492466
1.448 10.07972 0.4726762 9.231552 -0.003794421 10.5523962 9.227757579
1.452 10.18407 0.4714773 9.147387 -0.006082422 10.6555473 9.141304578
1.456 10.26453 0.470151 9.096691 -0.008162789 10.734681 9.088528211
1.46 10.34661 0.4688186 9.081842 -0.01005125 10.8154286 9.07179075
1.464 10.41584 0.4675026 9.08927 -0.01167077 10.8833426 9.07759923
1.468 10.48398 0.4663159 9.118615 -0.01303505 10.9502959 9.10557995
1.472 10.54282 0.4652078 9.15799 -0.01413019 11.0080278 9.14385981
1.476 10.59509 0.4641734 9.199274 -0.01492257 11.0592634 9.18435143
1.48 10.64395 0.4631859 9.230346 -0.01539487 11.1071359 9.21495113
1.484 10.67883 0.4623533 9.247165 -0.01563295 11.1411833 9.23153205
1.488 10.7088 0.4616991 9.266944 -0.01560841 11.1704991 9.25133559
1.492 10.72377 0.4612291 9.262509 -0.01527634 11.1849991 9.24723266
1.496 10.71441 0.4609192 9.25261 -0.01471636 11.1753292 9.23789364
1.5 10.70997 0.4607911 9.248572 -0.01393035 11.1707611 9.23464165
1.504 10.67628 0.4608392 9.241075 -0.01289526 11.1371192 9.22817974
1.508 10.6302 0.461069 9.239079 -0.01165912 11.091269 9.22741988
1.512 10.56172 0.4614249 9.253592 -0.01020701 11.0231449 9.24338499
1.516 10.4765 0.4619279 9.282354 -0.008535912 10.9384279 9.273818088
1.52 10.38332 0.4625428 9.318103 -0.006683278 10.8458628 9.311419722
1.524 10.28098 0.4631535 9.366402 -0.004614198 10.7441335 9.361787802
1.528 10.19239 0.4637858 9.396479 -0.002394329 10.6561758 9.394084671
1.532 10.124 0.4644062 9.39485 -4.757867e-05 10.5884062 9.39480242133
1.536 10.08927 0.4649556 9.350209 0.002322285 10.5542256 9.352531285
1.54 10.09574 0.465402 9.257139 0.004678935 10.561142 9.261817935
1.544 10.13558 0.4656819 9.098224 0.00692977 10.6012619 9.10515377
1.548 10.20223 0.465745 8.880791 0.009027317 10.667975 8.889818317
1.552 10.27705 0.4656292 8.638615 0.01092725 10.7426792 8.64954225
1.556 10.34747 0.4651184 8.371367 0.01265364 10.8125884 8.38402064
1.56 10.40012 0.4642664 8.126901 0.01423412 10.8643864 8.14113512
1.564 10.42583 0.4632433 7.934754 0.01572033 10.8890733 7.95047433
1.568 10.41542 0.4621582 7.779319 0.01705513 10.8775782 7.79637413
1.572 10.37795 0.4611037 7.675614 0.01825202 10.8390537 7.69386602
1.576 10.31006 0.4601984 7.629993 0.01933297 10.7702584 7.64932597
1.58 10.23188 0.4594642 7.643378 0.02025265 10.6913442 7.66363065
1.584 10.1335 0.4589718 7.690045 0.02096268 10.5924718 7.71100768
1.588 10.02663 0.4587754 7.790486 0.02146487 10.4854054 7.81195087
1.592 9.918919 0.4588688 7.938451 0.02176071 10.3777878 7.96021171
1.596 9.808785 0.4592459 8.12495 0.02183336 10.2680309 8.14678336
1.6 9.710702 0.4598652 8.353873 0.02164883 10.1705672 8.37552183
1.604 9.622516 0.4607429 8.592895 0.02118591 10.0832589 8.61408091
1.608 9.552928 0.4617757 8.8285 0.02044402 10.0147037 8.84894402
1.612 9.504991 0.4629747 9.048885 0.01949795 9.9679657 9.06838295
1.616 9.487386 0.4643593 9.22128 0.0183704 9.9517453 9.2396504
1.62 9.511681 0.4658594 9.326431 0.01706801 9.9775404 9.34349901
1.624 9.555451 0.4675033 9.350754 0.01561327 10.0229543 9.36636727
1.628 9.634589 0.4691755 9.289279 0.01389892 10.1037645 9.30317792
1.632 9.73519 0.4707284 9.152859 0.01196182 10.2059184 9.16482082
1.636 9.841672 0.4719551 8.973725 0.009852688 10.3136271 8.983577688
1.64 9.945673 0.4727893 8.771998 0.007653651 10.4184623 8.779651651
1.644 10.04191 0.4731978 8.551018 0.005406638 10.5151078 8.556424638
1.648 10.12667 0.4732152 8.355262 0.003231869 10.5998852 8.358493869
1.652 10.19755 0.4729128 8.181838 0.001211106 10.6704628 8.183049106
1.656 10.25457 0.4724417 8.02553 -0.0005681758 10.7270117 8.0249618242
1.66 10.30451 0.4715433 7.907097 -0.001920366 10.7760533 7.905176634
1.664 10.34211 0.4713205 7.807947 -0.003125669 10.8134305 7.804821331
1.668 10.37562 0.4712686 7.727048 -0.003973861 10.8468886 7.723074139
1.672 10.40021 0.4705894 7.661275 -0.003909869 10.8707994 7.657365131
1.676 10.42214 0.4718696 7.613884 -0.004031272 10.8940096 7.609852728
1.68 10.43423 0.4736103 7.572866 -0.003903331 10.9078403 7.568962669
1.684 10.44883 0.475361 7.534282 -0.003149856 10.924191 7.531132144
1.688 10.45149 0.477455 7.516141 -0.00206013 10.928945 7.51408087
1.692 10.44751 0.4808434 7.508916 -0.001291529 10.9283534 7.507624471
1.696 10.4302 0.4841948 7.50445 -0.0004635514 10.9143948 7.5039864486
1.7 10.40149 0.4871496 7.519129 0.0006532497 10.8886396 7.5197822497
1.704 10.35014 0.489466 7.554421 0.002198018 10.839606 7.556619018
1.708 10.28298 0.4917444 7.59306 0.003563535 10.7747244 7.596623535
1.712 10.20208 0.4934722 7.663293 0.005085695 10.6955522 7.668378695
1.716 10.10389 0.4946559 7.741044 0.006851717 10.5985459 7.747895717
1.72 10.0022 0.4954393 7.825801 0.008813189 10.4976393 7.834614189
1.724 9.905183 0.4959414 7.917519 0.01095182 10.4011244 7.92847082
1.728 9.819608 0.4962923 7.997919 0.01324104 10.3159003 8.01116004
1.732 9.761488 0.4965997 8.060838 0.01564471 10.2580877 8.07648271
1.736 9.730491 0.4968839 8.085595 0.01809256 10.2273749 8.10368756
1.74 9.733932 0.4971531 8.060283 0.02044696 10.2310851 8.08072996
1.744 9.766942 0.4972825 7.999569 0.02267307 10.2642245 8.02224207
1.748 9.817436 0.4972252 7.885373 0.02469385 10.3146612 7.91006685
1.752 9.873689 0.4969249 7.752262 0.02651894 10.3706139 7.77878094
1.756 9.923195 0.4963746 7.607214 0.02814609 10.4195696 7.63536009
1.76 9.955023 0.4956139 7.468963 0.02962591 10.4506369 7.49858891
1.764 9.969705 0.4944734 7.36652 0.03102549 10.4641784 7.39754549
1.768 9.961261 0.493049 7.298769 0.03231147 10.45431 7.33108047
1.772 9.93525 0.4916437 7.282907 0.0334853 10.4268937 7.3163923
1.776 9.881762 0.4903774 7.314523 0.03447698 10.3721394 7.34899998
1.78 9.81316 0.4893481 7.396689 0.03533748 10.3025081 7.43202648
1.784 9.738019 0.4885652 7.529857 0.0359675 10.2265842 7.5658245
1.788 9.64367 0.4879665 7.706506 0.03640732 10.1316365 7.74291332
1.792 9.548423 0.4875179 7.915512 0.03656181 10.0359409 7.95207381
1.796 9.459555 0.4870905 8.179822 0.03645045 9.9466455 8.21627245
1.8 9.373629 0.4866425 8.451497 0.03602612 9.8602715 8.48752312
1.804 9.286567 0.4861142 8.745639 0.03535356 9.7726812 8.78099256
1.808 9.236154 0.4855642 9.057449 0.03443284 9.7217182 9.09188184
1.812 9.202313 0.4850585 9.342889 0.03329352 9.6873715 9.37618252
1.816 9.180816 0.4848062 9.585028 0.03201504 9.6656222 9.61704304
1.82 9.220948 0.4851509 9.714193 0.03050478 9.7060989 9.74469778
1.824 9.296327 0.4861407 9.736195 0.02875008 9.7824677 9.76494508
1.828 9.405656 0.4875677 9.588761 0.02667309 9.8932237 9.61543409
1.832 9.54393 0.4889247 9.343412 0.02431667 10.0328547 9.36772867
1.836 9.682776 0.489721 9.049928 0.02167128 10.172497 9.07159928
1.84 9.818462 0.4897496 8.749033 0.01881352 10.3082116 8.76784652
1.844 9.929812 0.489005 8.491026 0.01589665 10.418817 8.50692265
1.848 10.02716 0.487739 8.259271 0.01300985 10.514899 8.27228085
1.852 10.1145 0.486213 8.064356 0.01026092 10.600713 8.07461692
1.856 10.18864 0.4846355 7.910792 0.007762699 10.6732755 7.918554699
1.86 10.25334 0.4832261 7.765397 0.005511134 10.7365661 7.770908134
1.864 10.31075 0.4820265 7.650668 0.003537145 10.7927765 7.654205145
1.868 10.36438 0.4810743 7.554173 0.001888404 10.8454543 7.556061404
1.872 10.40441 0.4802707 7.4554 0.0004418662 10.8846807 7.4558418662
1.876 10.43479 0.4797508 7.387806 -0.0007183465 10.9145408 7.3870876535
1.88 10.46657 0.479557 7.324686 -0.001621881 10.946127 7.323064119
1.884 10.47801 0.4795512 7.277765 -0.002225785 10.9575612 7.275539215
1.888 10.47951 0.4798299 7.239031 -0.002542252 10.9593399 7.236488748
1.892 10.47018 0.4803577 7.202494 -0.002590286 10.9505377 7.199903714
1.896 10.43968 0.4812233 7.192892 -0.002353636 10.9209033 7.190538364
1.9 10.40115 0.4825365 7.169113 -0.001860909 10.8836865 7.167252091
1.904 10.34349 0.4843005 7.175948 -0.00112234 10.8277905 7.17482566
1.908 10.26769 0.4863913 7.213006 -0.0002304427 10.7540813 7.2127755573
1.912 10.16418 0.4884871 7.2642 0.0007104388 10.6526671 7.2649104388
1.916 10.03816 0.4902411 7.341019 0.001759187 10.5284011 7.342778187
1.92 9.894414 0.4914621 7.451102 0.003019759 10.3858761 7.454121759
1.924 9.745383 0.4922466 7.550547 0.004523956 10.2376296 7.555070956
1.928 9.615769 0.4927598 7.640958 0.006295095 10.1085288 7.647253095
1.932 9.510727 0.4930826 7.711745 0.008282948 10.0038096 7.720027948
1.936 9.445924 0.4933551 7.745055 0.01035652 9.9392791 7.75541152
1.94 9.419103 0.4936242 7.718333 0.01236006 9.9127272 7.73069306
1.944 9.445126 0.4935298 7.634932 0.01431293 9.9386558 7.64924493
1.948 9.49405 0.4932058 7.519224 0.01618702 9.9872558 7.53541102
1.952 9.551447 0.4925564 7.356592 0.01780347 10.0440034 7.37439547
1.956 9.604905 0.4915789 7.197694 0.01911798 10.0964839 7.21681198
1.96 9.641631 0.4902346 7.064346 0.02012735 10.1318656 7.08447335
1.964 9.646804 0.4885354 6.969049 0.02086951 10.1353394 6.98991851
1.968 9.626222 0.4865889 6.919734 0.02140767 10.1128109 6.94114167
1.972 9.579975 0.4844609 6.934813 0.02178323 10.0644359 6.95659623
1.976 9.512864 0.4822547 7.014078 0.02205171 9.9951187 7.03612971
1.98 9.434199 0.4801218 7.143787 0.02220303 9.9143208 7.16599003
1.984 9.343602 0.4780976 7.34185 0.02227511 9.8216996 7.36412511
1.988 9.257801 0.4762492 7.588771 0.02218233 9.7340502 7.61095333
1.992 9.170163 0.4745859 7.874445 0.02194893 9.6447489 7.89639393
1.996 9.087826 0.4731053 8.194752 0.02152709 9.5609313 8.21627909
2.0 9.024128 0.4717791 8.539485 0.02084785 9.4959071 8.56033285
2.004 8.981148 0.4706534 8.889835 0.01993183 9.4518014 8.90976683
2.008 8.958128 0.4697217 9.224168 0.01882668 9.4278497 9.24299468
2.012 8.966411 0.4690064 9.516404 0.01754288 9.4354174 9.53394688
2.016 9.010671 0.4685583 9.752891 0.01606512 9.4792293 9.76895612
2.02 9.089103 0.4684121 9.908925 0.01442081 9.5575151 9.92334581
2.024 9.195249 0.468548 9.96934 0.01258184 9.663797 9.98192184
2.028 9.329834 0.4688582 9.945039 0.01050033 9.7986922 9.95553933
2.032 9.479146 0.4691656 9.846751 0.008242401 9.9483116 9.854993401
2.036 9.634369 0.4692881 9.702387 0.005773591 10.1036571 9.708160591
2.04 9.776733 0.4690928 9.542755 0.003241313 10.2458258 9.545996313
2.044 9.916246 0.4685613 9.392103 0.0007073441 10.3848073 9.3928103441
2.048 10.02991 0.4677215 9.267417 -0.001737451 10.4976315 9.265679549
2.052 10.13453 0.4666948 9.173235 -0.0040739 10.6012248 9.1691611
2.056 10.22513 0.4655496 9.120102 -0.006204902 10.6906796 9.113897098
2.06 10.30402 0.464378 9.102003 -0.008112959 10.768398 9.093890041
2.064 10.38058 0.4632325 9.104303 -0.00978336 10.8438125 9.09451964
2.068 10.44588 0.4621349 9.130798 -0.01114868 10.9080149 9.11964932
2.072 10.50124 0.4610633 9.166246 -0.0121759 10.9623033 9.1540701
2.076 10.55617 0.4601704 9.208653 -0.01291883 11.0163404 9.19573417
2.08 10.60583 0.4594723 9.245386 -0.01336262 11.0653023 9.23202338
2.084 10.64521 0.4589625 9.265314 -0.01355259 11.1041725 9.25176141
2.088 10.67002 0.4586334 9.286387 -0.01351696 11.1286534 9.27287004
2.092 10.68067 0.4584912 9.283332 -0.0132155 11.1391612 9.2701165
2.096 10.67848 0.4585062 9.270463 -0.0127026 11.1369862 9.2577604
2.1 10.66455 0.458668 9.268829 -0.01194647 11.123218 9.25688253
2.104 10.62122 0.4590091 9.264938 -0.01093176 11.0802291 9.25400624
2.108 10.57265 0.4595637 9.255868 -0.009709167 11.0322137 9.246158833
2.112 10.50022 0.4602699 9.269302 -0.00825521 10.9604899 9.26104679
2.116 10.40016 0.4611232 9.299981 -0.006560001 10.8612832 9.293420999
2.12 10.30444 0.4620878 9.337298 -0.004645238 10.7665278 9.332652762
2.124 10.1982 0.4630662 9.384169 -0.00249597 10.6612662 9.38167303
2.128 10.09653 0.464068 9.414036 -0.0001560541 10.560598 9.4138799459
2.132 10.02131 0.4650871 9.42149 0.002351187 10.4863971 9.423841187
2.136 9.981694 0.4661015 9.375983 0.004888732 10.4477955 9.380871732
2.14 9.975418 0.4670467 9.277799 0.007431856 10.4424647 9.285230856
2.144 10.01052 0.4678644 9.130003 0.009874611 10.4783844 9.139877611
2.148 10.06654 0.4684852 8.910259 0.01214832 10.5350252 8.92240732
2.152 10.1315 0.4688651 8.662441 0.01421414 10.6003651 8.67665514
2.156 10.19163 0.4687735 8.405897 0.01611147 10.6604035 8.42200847
2.16 10.23636 0.468292 8.161304 0.01782315 10.704652 8.17912715
2.164 10.26002 0.4675769 7.976371 0.01934908 10.7275969 7.99572008
2.168 10.24297 0.466735 7.817179 0.02072042 10.709705 7.83789942
2.172 10.20232 0.4658659 7.712538 0.02193346 10.6681859 7.73447146
2.176 10.1426 0.4651164 7.669172 0.02297354 10.6077164 7.69214554
2.18 10.06571 0.4645401 7.67689 0.02384947 10.5302501 7.70073947
2.184 9.973955 0.4642177 7.726748 0.0245428 10.4381727 7.7512908
2.188 9.876736 0.4641948 7.823021 0.02501782 10.3409308 7.84803882
2.192 9.781772 0.4644626 7.96971 0.02528548 10.2462346 7.99499548
2.196 9.679593 0.4650015 8.159436 0.02531928 10.1445945 8.18475528
2.2 9.59274 0.4657726 8.381656 0.02504946 10.0585126 8.40670546
2.204 9.514202 0.4667587 8.624008 0.02450352 9.9809607 8.64851152
2.208 9.448527 0.467892 8.861944 0.02364736 9.916419 8.88559136
2.212 9.412546 0.4691875 9.077753 0.02255234 9.8817335 9.10030534
2.216 9.4026 0.4706513 9.248588 0.02128239 9.8732513 9.26987039
2.22 9.423586 0.4722666 9.361549 0.01980174 9.8958526 9.38135074
2.224 9.478716 0.4739967 9.381877 0.01811092 9.9527127 9.39998792
2.228 9.562014 0.475576 9.317781 0.01617037 10.03759 9.33395137
2.232 9.667894 0.4770165 9.191645 0.0140902 10.1449105 9.2057352
2.236 9.779464 0.4781516 9.009767 0.01181206 10.2576156 9.02157906
2.24 9.890468 0.4789224 8.801765 0.009435182 10.3693904 8.811200182
2.244 9.987525 0.4792534 8.592561 0.007071577 10.4667784 8.599632577
2.248 10.07454 0.479173 8.396833 0.004780267 10.553713 8.401613267
2.252 10.15428 0.4787687 8.21624 0.002599 10.6330487 8.218839
2.256 10.21398 0.4781299 8.066058 0.0006544306 10.6921099 8.0667124306
2.26 10.26471 0.4773587 7.940909 -0.001030681 10.7420687 7.939878319
2.264 10.30786 0.4766304 7.832467 -0.002364999 10.7844904 7.830102001
2.268 10.34007 0.4760471 7.751911 -0.00331771 10.8161171 7.74859329
2.272 10.36485 0.4757655 7.684121 -0.003839508 10.8406155 7.680281492
2.276 10.38879 0.4756058 7.625496 -0.003754108 10.8643958 7.621741892
2.28 10.40389 0.4764981 7.582136 -0.003540732 10.8803881 7.578595268
2.284 10.41657 0.4779434 7.550457 -0.003087225 10.8945134 7.547369775
2.288 10.41465 0.4797219 7.528177 -0.002416028 10.8943719 7.525760972
2.292 10.41227 0.4814788 7.504721 -0.001411818 10.8937488 7.503309182
2.296 10.39279 0.4837455 7.516617 -0.0005253753 10.8765355 7.5160916247
2.3 10.36013 0.4859298 7.522412 0.0004516372 10.8460598 7.5228636372
2.304 10.30409 0.4877721 7.549668 0.001669174 10.7918621 7.551337174
2.308 10.23454 0.4892338 7.597801 0.003105588 10.7237738 7.600906588
2.312 10.15332 0.4903092 7.660575 0.004721187 10.6436292 7.665296187
2.316 10.05258 0.4909563 7.730189 0.006529927 10.5435363 7.736718927
2.32 9.949569 0.4912793 7.816074 0.008532166 10.4408483 7.824606166
2.324 9.855364 0.4913779 7.901081 0.01069825 10.3467419 7.91177925
2.328 9.767094 0.4913036 7.983351 0.0130367 10.2583976 7.9963877
2.332 9.709667 0.4912339 8.033389 0.0154423 10.2009009 8.0488313
2.336 9.683081 0.4911478 8.05403 0.01786395 10.1742288 8.07189395
2.34 9.688619 0.4910477 8.031131 0.02018092 10.1796667 8.05131192
2.344 9.726215 0.4908005 7.954395 0.02233597 10.2170155 7.97673097
2.348 9.784745 0.4903554 7.842666 0.02431239 10.2751004 7.86697839
2.352 9.845758 0.4896672 7.706391 0.02609267 10.3354252 7.73248367
2.356 9.902767 0.488748 7.55376 0.02770349 10.391515 7.58146349
2.36 9.943908 0.4876838 7.419595 0.02912026 10.4315918 7.44871526
2.364 9.954576 0.4865134 7.31027 0.03041861 10.4410894 7.34068861
2.368 9.946215 0.4852923 7.241258 0.03159215 10.4315073 7.27285015
2.372 9.916725 0.4839203 7.224588 0.0326827 10.4006453 7.2572707
2.376 9.863756 0.4826337 7.255789 0.0335906 10.3463897 7.2893796
2.38 9.79224 0.4815774 7.340642 0.03431447 10.2738174 7.37495647
2.384 9.711486 0.4807975 7.472986 0.03481426 10.1922835 7.50780026
2.388 9.618543 0.4802532 7.653374 0.03509737 10.0987962 7.68847137
2.392 9.518137 0.4798756 7.868266 0.03509617 9.9980126 7.90336217
2.396 9.417716 0.4795367 8.129074 0.03486936 9.8972527 8.16394336
2.4 9.331762 0.479284 8.408256 0.03432876 9.811046 8.44258476
