0.000357143 -71.70859 0.05288823 -71.65570177 -750.930598478 0.553844249431 -750.376754228
0.000784161 -1.53798 0.05146494 -1.48651506 -16.1056888979 0.538939591405 -15.5667493065
0.00128984 -0.8925669 0.04999124 -0.84257566 -9.34693871959 0.523507041093 -8.8234316785
0.00189339 -0.83503 0.04838411 -0.78664589 -8.74441371176 0.506677215088 -8.23773649667
0.0025898 -0.7899348 0.04681557 -0.74311923 -8.27217788165 0.490251502619 -7.78192637903
0.00341886 -0.7515018 0.04515769 -0.70634411 -7.8697084468 0.472890223857 -7.39681822294
0.00439422 -0.7191708 0.04341017 -0.67576063 -7.53113900652 0.45459023721 -7.07654876931
0.00550892 -0.6943727 0.04170018 -0.65267252 -7.27145391058 0.436683263805 -6.83477064677
0.00682629 -0.6760303 0.04009686 -0.63593344 -7.07937274695 0.419893336027 -6.65947941092
0.00829004 -0.6606887 0.03873418 -0.62195452 -6.91871588743 0.405623384436 -6.513092503
0.00996289 -0.6469583 0.03759164 -0.60936666 -6.77493147486 0.393658733535 -6.38127274133
0.0119703 -0.6343675 0.0366292 -0.5977383 -6.64308092559 0.383580085423 -6.25950084016
0.0139777 -0.6233365 0.03595962 -0.58737688 -6.52756456371 0.37656826006 -6.15099630365
0.0159852 -0.6161104 0.0354817 -0.5806287 -6.45189302147 0.371563493523 -6.08032952794
0.0179926 -0.6115715 0.03511192 -0.57645958 -6.40436177182 0.367691166418 -6.0366706054
0.02 -0.6103746 0.03483704 -0.57553756 -6.39182786433 0.364812629789 -6.02701523454
0.0222222 -0.611172 0.03461904 -0.57655296 -6.4001782176 0.362529739128 -6.03764847847
0.0247619 -0.6136995 0.03440638 -0.57929312 -6.42664613571 0.360302768815 -6.06634336689
0.0278095 -0.6178392 0.03415271 -0.58368649 -6.46999697273 0.357646342787 -6.11235062995
0.0308571 -0.6202099 0.03401445 -0.58619545 -6.49482288508 0.356198487453 -6.13862439763
0.0339048 -0.6216215 0.03392005 -0.58770145 -6.50960512571 0.355209932965 -6.15439519275
0.0369524 -0.6220574 0.03385975 -0.58819765 -6.51416985984 0.354578472841 -6.159591387
0.04 -0.6208774 0.03381525 -0.58706215 -6.50181292873 0.354112469931 -6.1477004588
0.0433333 -0.6200096 0.0337244 -0.5862852 -6.49272534838 0.353161090956 -6.13956425743
0.0466667 -0.6175135 0.03369681 -0.58381669 -6.46658625031 0.352872169151 -6.11371408116
0.05 -0.6143128 0.03367636 -0.58063644 -6.43306859829 0.352658017252 -6.08041058104
0.0533333 -0.611156 0.03358992 -0.57756608 -6.40001066599 0.351752819689 -6.0482578463
0.0566667 -0.6084216 0.03343243 -0.57498917 -6.37137609615 0.350103588266 -6.02127250789
0.06 -0.6060546 0.03333444 -0.57272016 -6.34658893011 0.349077439385 -5.99751149073
0.0633333 -0.6040469 0.03319526 -0.57085164 -6.32556434488 0.347619949833 -5.97794439505
0.0666667 -0.6023839 0.03302461 -0.56935929 -6.3081494496 0.345832907212 -5.96231654239
0.07 -0.6009962 0.032843 -0.5681532 -6.29361748918 0.343931091739 -5.94968639745
0.0733333 -0.599607 0.03266294 -0.56694406 -6.2790698208 0.342045507829 -5.93702431297
0.0766667 -0.5980059 0.03248867 -0.56551723 -6.26230314081 0.340220556656 -5.92208258415
0.08 -0.5964835 0.03233274 -0.56415076 -6.24636060529 0.338587661515 -5.90777294378
0.0833333 -0.5949644 0.03217475 -0.56278965 -6.23045262729 0.336933194104 -5.89351943319
0.0866667 -0.5934367 0.03199403 -0.56144267 -6.2144545903 0.335040698689 -5.87941389161
0.09 -0.5922317 0.03182102 -0.56041068 -6.20183585981 0.333228942206 -5.8686069176
0.0933333 -0.5902273 0.0316709 -0.5585564 -6.18084583209 0.331656889242 -5.84918894285
0.0966667 -0.5883654 0.0315154 -0.55685 -6.16134806089 0.33002849705 -5.83131956384
0.1 -0.5863872 0.03135709 -0.55503011 -6.14063239893 0.328370678607 -5.81226172032
0.103333 -0.5839287 0.03122994 -0.55269876 -6.11488704713 0.32703916692 -5.78784788021
0.106667 -0.5807498 0.03106112 -0.54968868 -6.08159768418 0.325271288014 -5.75632639616
0.11 -0.577331 0.03089201 -0.54643899 -6.0457960943 0.323500372235 -5.72229572206
0.113333 -0.5738148 0.03073136 -0.54308344 -6.008974534 0.321818049369 -5.68715648463
0.116667 -0.5694066 0.03056563 -0.53884097 -5.96281197155 0.320082528868 -5.64272944268
0.12 -0.5646722 0.03039983 -0.53427237 -5.91323345069 0.318346275328 -5.59488717536
0.123333 -0.5598395 0.03025709 -0.52958241 -5.86262553463 0.316851505543 -5.54577402909
0.126667 -0.5550228 0.03012954 -0.52489326 -5.81218517018 0.315515805067 -5.49666936512
0.13 -0.5500171 0.02998992 -0.52002718 -5.75976560236 0.314053707846 -5.44571189452
0.133333 -0.5457329 0.02983092 -0.51590198 -5.71490156487 0.312388663739 -5.40251290113
0.136667 -0.5413795 0.02970803 -0.51167147 -5.66931286668 0.311101762669 -5.35821110401
0.14 -0.5373714 0.02961295 -0.50775845 -5.62734014163 0.310106087237 -5.31723405439
0.144 -0.5346488 0.02942958 -0.50521922 -5.5988291411 0.308185841087 -5.29064330001
0.148 -0.5303143 0.02934118 -0.50097312 -5.55343836325 0.307260118452 -5.24617824479
0.152 -0.5266163 0.02920695 -0.49740935 -5.5147129978 0.305854465179 -5.20885853262
0.156 -0.5221774 0.02908188 -0.49309552 -5.4682289457 0.304544735202 -5.1636842105
0.16 -0.516855 0.02894226 -0.48791274 -5.41249290324 0.303082637981 -5.10941026526
0.164 -0.5103488 0.0287538 -0.481595 -5.34436013616 0.301109089476 -5.04325104669
0.168 -0.5031217 0.02864588 -0.47447582 -5.26867812194 0.299978953879 -4.96869916806
0.172 -0.4944955 0.02854309 -0.46595241 -5.17834476678 0.298902539516 -4.87944222726
0.176 -0.4853849 0.02838836 -0.45699654 -5.08293878668 0.297282210745 -4.78565657593
0.18 -0.4762705 0.02831013 -0.44796037 -4.98749301307 0.296462988101 -4.69103002497
0.184 -0.4667867 0.02818103 -0.43860567 -4.88817889171 0.295111056062 -4.59306783565
0.188 -0.4581544 0.02802703 -0.43012737 -4.7977816575 0.293498371833 -4.50428328567
0.192 -0.4512799 0.02796088 -0.42331902 -4.72579206184 0.292805650653 -4.43298641119
0.196 -0.4456319 0.02786242 -0.41776948 -4.66664634415 0.291774579944 -4.37487176421
0.2 -0.4417574 0.02765765 -0.41409975 -4.62607267503 0.289630233519 -4.33644244151
0.204 -0.440001 0.02763081 -0.41237019 -4.60767969724 0.289349165696 -4.31833053154
0.208 -0.4401581 0.0275121 -0.412646 -4.60932484459 0.288106037483 -4.32121880711
0.212 -0.4422843 0.027383 -0.4149013 -4.63159035893 0.286754105444 -4.34483625348
0.216 -0.4462854 0.02735586 -0.41892954 -4.67348978015 0.286469896029 -4.38701988412
0.22 -0.4517681 0.0273063 -0.4244618 -4.73090448029 0.285950904922 -4.44495357537
0.224 -0.4580197 0.027253 -0.4307667 -4.7963710824 0.285392748628 -4.51097833377
0.228 -0.4647447 0.02724268 -0.43750202 -4.86679511772 0.28528467784 -4.58151043988
0.232 -0.4713239 0.02724502 -0.44407888 -4.935692339 0.285309182263 -4.65038315674
0.236 -0.4771555 0.02724757 -0.44990793 -4.9967607114 0.285335885801 -4.7114248256
0.24 -0.4820989 0.0272414 -0.4548575 -5.04852787515 0.285271273712 -4.76325660143
0.244 -0.4866048 0.02722784 -0.45937696 -5.09571354961 0.285129273724 -4.81058427588
0.248 -0.4901527 0.02721205 -0.46294065 -5.13286707152 0.28496392123 -4.84790315029
0.252 -0.4927946 0.02719958 -0.46559502 -5.16053298363 0.284833335696 -4.87569964793
0.256 -0.4945504 0.02720077 -0.46734963 -5.17891967823 0.284845797347 -4.89407388089
0.26 -0.4961762 0.02722652 -0.46894968 -5.19594501602 0.285115450716 -4.9108295653
0.264 -0.4967584 0.02719425 -0.46956415 -5.20204180016 0.284777520066 -4.9172642801
0.268 -0.4979828 0.02719069 -0.47079211 -5.21486368698 0.284740239833 -4.93012344715
0.272 -0.498952 0.02722712 -0.47172488 -5.22501312565 0.285121733901 -4.93989139175
0.276 -0.4994685 0.02726891 -0.47219959 -5.230421901 0.285559357758 -4.94486254324
0.28 -0.5003158 0.0272979 -0.4730179 -5.23929480585 0.285862940328 -4.95343186552
0.284 -0.5006904 0.02732141 -0.47336899 -5.24321760788 0.286109136472 -4.9571084714
0.288 -0.5015855 0.02738004 -0.47420546 -5.25259107316 0.286723108397 -4.96586796476
0.292 -0.5020116 0.02738432 -0.47462728 -5.25705318192 0.286767928452 -4.97028525347
0.296 -0.5014109 0.0274003 -0.4740106 -5.25076266623 0.286935270621 -4.96382739561
0.3 -0.5025858 0.02740548 -0.47518032 -5.26306619026 0.286989515454 -4.97607667481
0.304 -0.5018053 0.02745156 -0.47435374 -5.25489281337 0.287472064085 -4.96742074929
0.308 -0.5017407 0.02740439 -0.47433631 -5.25421632376 0.286978101 -4.96723822276
0.312 -0.5007868 0.0273895 -0.4733973 -5.24422710632 0.286822173285 -4.95740493303
0.316 -0.4992769 0.0273758 -0.4719011 -5.22841547049 0.28667870722 -4.94173676327
0.32 -0.4983727 0.02735304 -0.47101966 -5.21894671023 0.286440365058 -4.93250634517
0.324 -0.4969282 0.02730243 -0.46962577 -5.20381994161 0.285910378377 -4.91790956323
0.328 -0.4962679 0.0273034 -0.4689645 -5.19690529617 0.285920536193 -4.91098475998
0.332 -0.4960705 0.02730383 -0.46876667 -5.19483812821 0.285925039143 -4.90891308907
0.336 -0.4968197 0.02726282 -0.46955688 -5.20268373226 0.285495583427 -4.91718814884
0.34 -0.4982998 0.02721236 -0.47108744 -5.21818330322 0.284967167543 -4.93321613567
0.344 -0.5005291 0.02715745 -0.47337165 -5.24152847823 0.284392151367 -4.95713632686
0.348 -0.5030491 0.0270882 -0.4759609 -5.26791785652 0.283666967063 -4.98425088945
0.352 -0.5053201 0.02701111 -0.47830899 -5.2916997129 0.282859682471 -5.00884003043
0.356 -0.5067534 0.02693012 -0.47982328 -5.30670919541 0.282011557174 -5.02469763823
0.36 -0.5072188 0.02684745 -0.48037135 -5.31158285281 0.281145838959 -5.03043701385
0.364 -0.5059316 0.02677201 -0.47915959 -5.29810332593 0.280355833126 -5.0177474928
0.368 -0.5034652 0.02670217 -0.47676303 -5.27227524553 0.279624470356 -4.99265077517
0.372 -0.4992752 0.0266453 -0.4726299 -5.22839766813 0.279028929109 -4.94936873902
0.376 -0.4935418 0.02661309 -0.46692871 -5.16835764373 0.278691626778 -4.88966601695
0.38 -0.4872141 0.02660464 -0.46060946 -5.10209412428 0.278603138585 -4.8234909857
0.384 -0.4802314 0.02660592 -0.45362548 -5.02897146088 0.278616542713 -4.75035491816
0.388 -0.473546 0.02659115 -0.44695485 -4.95896211579 0.278461871635 -4.68050024415
0.392 -0.4676368 0.02655271 -0.44108409 -4.89708111809 0.278059328896 -4.6190217892
0.396 -0.4627615 0.02661831 -0.43614319 -4.84602709588 0.27874629049 -4.56728080539
0.4 -0.4592712 0.02662439 -0.43264681 -4.80947675975 0.278809960101 -4.53066679965
0.404 -0.4571922 0.0265081 -0.4306841 -4.78770552266 0.277592174069 -4.51011334859
0.408 -0.4567585 0.02654703 -0.43021147 -4.78316382688 0.277999848075 -4.50516397881
0.412 -0.4578897 0.02664892 -0.43124078 -4.79500972558 0.27906683766 -4.51594288792
0.416 -0.4605393 0.02660153 -0.43393777 -4.8227562719 0.278570570741 -4.54418570116
0.42 -0.4643163 0.02668744 -0.43762886 -4.86230892341 0.279470218157 -4.58283870525
0.424 -0.4683258 0.02678429 -0.44154151 -4.90429630922 0.280484428985 -4.62381188024
0.428 -0.4727494 0.02687517 -0.44587423 -4.9506201401 0.28143612212 -4.66918401798
0.432 -0.4770797 0.02695576 -0.45012394 -4.99596693566 0.282280058626 -4.71368687703
0.436 -0.4807451 0.02702645 -0.45371865 -5.0343509147 0.283020322575 -4.75133059212
0.44 -0.4834844 0.02708792 -0.45639648 -5.06303679722 0.28366403491 -4.77937276231
0.444 -0.4853629 0.02713939 -0.45822351 -5.08270840322 0.28420302749 -4.79850537573
0.448 -0.4864539 0.02718989 -0.45926401 -5.0941333285 0.284731862253 -4.80940146625
0.452 -0.4866047 0.02724796 -0.45935674 -5.09571250241 0.285339969871 -4.81037253254
0.456 -0.485938 0.02732062 -0.45861738 -5.08873083633 0.286100863612 -4.80262997272
0.46 -0.4846455 0.02741475 -0.45723075 -5.07519580798 0.287086590667 -4.78810921732
0.464 -0.482628 0.0275458 -0.4550822 -5.05406859739 0.288458943058 -4.76560965433
0.468 -0.4804841 0.02769491 -0.45278919 -5.03161772909 0.290020419326 -4.74159730976
0.472 -0.4784754 0.02782458 -0.45065082 -5.01058267188 0.291378320391 -4.71920435149
0.476 -0.476557 0.02784862 -0.44870838 -4.99049323406 0.291630066682 -4.69886316737
0.48 -0.4748896 0.02797404 -0.44691556 -4.97303226209 0.292943461851 -4.68008880024
0.484 -0.4737378 0.0280651 -0.4456727 -4.96097064069 0.293897039941 -4.66707360075
0.488 -0.4718318 0.02812885 -0.44370295 -4.94101105537 0.29456462838 -4.64644642699
0.492 -0.4702452 0.02822066 -0.44202454 -4.92439621902 0.295526060452 -4.62887015857
0.496 -0.468519 0.02821854 -0.44030046 -4.90631949489 0.295503859863 -4.61081563503
0.5 -0.46627 0.02832724 -0.43794276 -4.88276802196 0.296642163602 -4.58612585836
0.504 -0.463883 0.02838304 -0.43549996 -4.85777141642 0.297226499835 -4.56054491658
0.508 -0.4614233 0.02828121 -0.43314209 -4.83201349825 0.296160138569 -4.53585335968
0.512 -0.4591878 0.02829653 -0.43089127 -4.80860339699 0.296320569234 -4.51228282776
0.516 -0.4564261 0.02830778 -0.42811832 -4.77968294222 0.296438378958 -4.48324456326
0.52 -0.4538816 0.02827601 -0.42560559 -4.75303700053 0.296105684296 -4.45693131624
0.524 -0.4518371 0.02821833 -0.42361877 -4.7316270466 0.295501660749 -4.43612538585
0.528 -0.4499617 0.02815689 -0.42180481 -4.71198790372 0.294858262573 -4.41712964115
0.532 -0.449144 0.0280863 -0.4210577 -4.70342496935 0.294119045822 -4.40930592352
0.536 -0.4491179 0.02801069 -0.42110721 -4.70315165079 0.293327259753 -4.40982439103
0.54 -0.4495659 0.02793123 -0.42163467 -4.70784309581 0.292495156579 -4.41534793924
0.544 -0.4509666 0.02784292 -0.42312368 -4.72251119191 0.291570376422 -4.43094081549
0.548 -0.4525734 0.02775056 -0.42482284 -4.73933756217 0.290603184763 -4.4487343774
0.552 -0.4541281 0.02765244 -0.42647566 -4.7556183425 0.289575674526 -4.46604266797
0.556 -0.4554575 0.02755294 -0.42790456 -4.76953978674 0.288533712963 -4.48100607378
0.56 -0.4559058 0.02745314 -0.42845266 -4.77423437336 0.287488609807 -4.48674576356
0.564 -0.4553686 0.02735451 -0.42801409 -4.76860882812 0.286455758862 -4.48215306926
0.568 -0.4540752 0.02725659 -0.42681861 -4.75506437499 0.28543034302 -4.46963403197
0.572 -0.4519654 0.02714706 -0.42481834 -4.73297060106 0.284283347542 -4.44868725351
0.576 -0.4489135 0.02703885 -0.42187465 -4.70101117899 0.283150175072 -4.41786100392
0.58 -0.4462591 0.02693465 -0.41932445 -4.67321436719 0.282058995223 -4.39115537197
0.584 -0.4432937 0.0268379 -0.4164558 -4.64216077101 0.281045831593 -4.36111493942
0.588 -0.4403644 0.02674345 -0.41362095 -4.61148521314 0.280056753505 -4.33142845964
0.592 -0.4381548 0.02665066 -0.41150414 -4.58834633605 0.279085058898 -4.30926127715
0.596 -0.436902 0.02655565 -0.41034635 -4.57522704513 0.278090116504 -4.29713692862
0.6 -0.4365197 0.02645886 -0.41006084 -4.57122360889 0.277076533995 -4.2941470749
0.604 -0.436821 0.02635722 -0.41046378 -4.57437881511 0.276012162403 -4.29836665271
0.608 -0.4391182 0.02625589 -0.41286231 -4.59843503726 0.274951037125 -4.32348400013
0.612 -0.4427194 0.02615843 -0.41656097 -4.63614671547 0.273930438391 -4.36221627708
0.616 -0.4466955 0.02607654 -0.42061896 -4.67778433731 0.273072888317 -4.40471144899
0.62 -0.4526157 0.02602332 -0.42659238 -4.73978052673 0.27251556978 -4.46726495695
0.624 -0.458837 0.02600388 -0.43283312 -4.80492982798 0.272311994576 -4.53261783341
0.628 -0.4651556 0.02601683 -0.43913877 -4.87109805245 0.272447606659 -4.59865044579
0.632 -0.4712619 0.02603798 -0.44522392 -4.93504307652 0.272669088941 -4.66237398758
0.636 -0.4765764 0.02604155 -0.45053485 -4.99069639038 0.272706473894 -4.71798991649
0.64 -0.4814741 0.02601766 -0.45545644 -5.04198498485 0.272456298399 -4.76952868645
0.644 -0.4854119 0.02596388 -0.45944802 -5.08322153002 0.271893115556 -4.81132841446
0.648 -0.488511 0.02589252 -0.46261848 -5.11567522933 0.271145835383 -4.84452939394
0.652 -0.4913073 0.02581747 -0.46548983 -5.14495801445 0.270359913621 -4.87459810083
0.656 -0.4936295 0.02575193 -0.46787757 -5.16927603598 0.269673580346 -4.89960245564
0.66 -0.4951491 0.02570865 -0.46944045 -5.18518924997 0.269220353246 -4.91596889673
0.664 -0.4963391 0.02568783 -0.47065127 -5.19765090083 0.269002326716 -4.92864857412
0.668 -0.4974806 0.02569225 -0.47178835 -5.20960466088 0.269048612847 -4.94055604803
0.672 -0.4978332 0.0257121 -0.4721211 -5.21329707944 0.269256481561 -4.94404059788
0.676 -0.4981085 0.02574642 -0.47236208 -5.2161800143 0.269615879761 -4.94656413454
0.68 -0.4982704 0.02579488 -0.47247552 -5.21787542714 0.270123351694 -4.94775207544
0.684 -0.4978922 0.02584791 -0.47204429 -5.213914926 0.270678680556 -4.94323624544
0.688 -0.4970262 0.02590581 -0.47112039 -5.20484619521 0.271285007938 -4.93356118727
0.692 -0.4958632 0.02596257 -0.46990063 -5.19266728769 0.271879397268 -4.92078789042
0.696 -0.4938793 0.02601371 -0.46786559 -5.17189193547 0.272414934095 -4.89947700137
0.7 -0.4916073 0.02605739 -0.46554991 -5.1480996071 0.272872349986 -4.87522725712
0.704 -0.4887858 0.0260889 -0.4626969 -5.1185529282 0.273202321934 -4.84535060626
0.708 -0.4855903 0.02610684 -0.45948346 -5.08508973045 0.273390189175 -4.81169954127
0.712 -0.4818628 0.02610894 -0.45575386 -5.04605544173 0.273412180323 -4.7726432614
0.716 -0.4776819 0.02609711 -0.45158479 -5.00227315931 0.273288296853 -4.72898486246
0.72 -0.473412 0.02606985 -0.44734215 -4.95755887107 0.273002830801 -4.68455604027
0.724 -0.4691011 0.02603279 -0.44306831 -4.91241523184 0.272614739388 -4.63980049245
0.728 -0.4653022 0.02598964 -0.43931256 -4.87263324406 0.272162873645 -4.60047037042
0.732 -0.4620782 0.02593899 -0.43613921 -4.83887159501 0.271632468085 -4.56723912693
0.736 -0.4595578 0.02588087 -0.43367693 -4.81247802793 0.271023836868 -4.54145419106
0.74 -0.4578677 0.02581625 -0.43205145 -4.79477934212 0.270347137811 -4.52443220431
0.744 -0.4574727 0.02574215 -0.43173055 -4.79064291179 0.269571164425 -4.52107174737
0.748 -0.4572083 0.02563637 -0.43157193 -4.78787412147 0.268463438856 -4.51941068261
0.752 -0.4572468 0.02550204 -0.43174476 -4.78827729252 0.267056738385 -4.52122055414
0.756 -0.4569612 0.02535221 -0.43160899 -4.78528649632 0.265487722294 -4.51979877402
0.76 -0.4562737 0.02519563 -0.43107807 -4.77808701315 0.263848020369 -4.51423899279
0.764 -0.4545646 0.02503654 -0.42952806 -4.76018935981 0.262182033784 -4.49800732602
0.768 -0.4520857 0.02488038 -0.42720532 -4.73423037971 0.260546730088 -4.47368364962
0.772 -0.4489921 0.02472905 -0.42426305 -4.70183427627 0.258962006034 -4.44287227023
0.776 -0.4455346 0.02458472 -0.42094988 -4.66562742093 0.257450585809 -4.40817683513
0.78 -0.4420684 0.02445075 -0.41761765 -4.62932945941 0.256047655249 -4.37328180416
0.784 -0.4383847 0.02432687 -0.41405783 -4.59075384322 0.254750386923 -4.3360034563
0.788 -0.4355619 0.02421413 -0.41134777 -4.56119355075 0.253569776404 -4.30762377434
0.792 -0.4331638 0.02411179 -0.40905201 -4.53608070627 0.25249807443 -4.28358263184
0.796 -0.4312298 0.02402226 -0.40720754 -4.51582790563 0.251560518462 -4.26426738717
0.8 -0.4307674 0.02394242 -0.40682498 -4.51098566415 0.250724435937 -4.26026122822
0.804 -0.4313784 0.02387317 -0.40750523 -4.51738404119 0.249999251633 -4.26738478956
0.808 -0.4333469 0.02381207 -0.40953483 -4.53799812499 0.249359413929 -4.28863871106
0.812 -0.4366783 0.02376134 -0.41291696 -4.57288446421 0.248828170611 -4.3240562936
0.816 -0.4415643 0.02372126 -0.41784304 -4.62405053656 0.248408453833 -4.37564208273
0.82 -0.4476231 0.02369157 -0.42393153 -4.68749814179 0.24809754088 -4.43940060091
0.824 -0.4540921 0.02367488 -0.43041722 -4.75524135138 0.247922763609 -4.50731858777
0.828 -0.4608228 0.0236663 -0.4371565 -4.82572507696 0.247832914059 -4.5778921629
0.832 -0.4676114 0.02365543 -0.44395597 -4.89681512992 0.247719083685 -4.64909604623
0.836 -0.4739182 0.02363772 -0.45028048 -4.96285978507 0.247533624999 -4.71532616008
0.84 -0.4789391 0.02360602 -0.45533308 -5.01543852692 0.247201663375 -4.76823686355
0.844 -0.4839494 0.02355679 -0.46039261 -5.06790626583 0.246686128021 -4.82122013781
0.848 -0.4873649 0.02349172 -0.46387318 -5.10367329819 0.246004716574 -4.85766858162
0.852 -0.4903539 0.02341444 -0.46693946 -5.134974033 0.245195442306 -4.88977859069
0.856 -0.4932534 0.02332782 -0.46992558 -5.16533752599 0.244288359788 -4.92104916621
0.86 -0.4953717 0.02324015 -0.47213155 -5.18752031172 0.243370281694 -4.94415003003
0.864 -0.4973708 0.02315435 -0.47421645 -5.20845483797 0.242471786195 -4.96598305177
0.868 -0.499304 0.02307353 -0.47623047 -5.22869926103 0.241625441135 -4.98707381989
0.872 -0.5007578 0.0229972 -0.4777606 -5.24392341903 0.240826115244 -5.00309730378
0.876 -0.5024349 0.02292778 -0.47950712 -5.26148596916 0.240099150704 -5.02138681845
0.88 -0.5044877 0.02287187 -0.48161583 -5.28298284049 0.239513662553 -5.04346917794
0.884 -0.5064687 0.02283089 -0.48363781 -5.30372782398 0.239084520996 -5.06464330298
0.888 -0.5080301 0.02280568 -0.48522442 -5.32007876654 0.238820522494 -5.08125824405
0.892 -0.5094754 0.02279931 -0.48667609 -5.33521391275 0.23875381601 -5.09646009674
0.896 -0.510981 0.02281056 -0.48817044 -5.35098051908 0.238871625734 -5.11210889335
0.9 -0.5121122 0.02283854 -0.48927366 -5.36282641778 0.239164631609 -5.12366178617
0.904 -0.511975 0.0228847 -0.4890903 -5.36138966274 0.239648017999 -5.12174164474
0.908 -0.5120499 0.02294537 -0.48910453 -5.3621740137 0.240283352753 -5.12189066095
0.912 -0.5104645 0.02301712 -0.48744738 -5.34557174373 0.241034716996 -5.10453702673
0.916 -0.5081838 0.02309514 -0.48508866 -5.32168830918 0.241851740525 -5.07983656865
0.92 -0.5059581 0.02317536 -0.48278274 -5.29838083328 0.242691802401 -5.05568903088
0.924 -0.5031761 0.02324798 -0.47992812 -5.26924779741 0.243452277263 -5.02579552014
0.928 -0.5002273 0.02331183 -0.47691547 -5.23836803602 0.244120912899 -4.99424712312
0.932 -0.4978894 0.0233646 -0.4745248 -5.21388560447 0.244673519047 -4.96921208542
0.936 -0.4963897 0.02340365 -0.47298605 -5.19818078279 0.245082449691 -4.9530983331
0.94 -0.4955752 0.02342872 -0.47214648 -5.18965135874 0.245344982117 -4.94430637662
0.944 -0.4954213 0.02344107 -0.47198023 -5.18803972171 0.245474311014 -4.94256541069
0.948 -0.4958166 0.02343858 -0.47237802 -5.19217929363 0.245448235795 -4.94673105783
0.952 -0.4958414 0.02342771 -0.47241369 -5.19243899862 0.245334405421 -4.9471045932
0.956 -0.4952154 0.02340925 -0.47180615 -5.18588354195 0.245141092753 -4.94074244919
0.96 -0.4935231 0.02336773 -0.47015537 -5.16816181779 0.24470629633 -4.92345552146
0.964 -0.4911681 0.0233172 -0.4678509 -5.14350031546 0.244177147408 -4.89932316805
0.968 -0.4872787 0.023265 -0.4640137 -5.1027706139 0.243630510286 -4.85914010362
0.972 -0.4828513 0.02321677 -0.45963453 -5.05640698952 0.243125446907 -4.81328154261
0.976 -0.4778344 0.02317957 -0.45465483 -5.00387013557 0.242735889418 -4.76113424616
0.98 -0.4727186 0.0231531 -0.4495655 -4.95029760325 0.242458696226 -4.70783890702
0.984 -0.4675179 0.02314097 -0.44437693 -4.89583600021 0.242331671163 -4.65350432904
0.988 -0.4626225 0.02314595 -0.43947655 -4.84457149128 0.242383821601 -4.60218766968
0.992 -0.458389 0.02316919 -0.43521981 -4.80023838295 0.242627190312 -4.55761119264
0.996 -0.4544471 0.02320931 -0.43123779 -4.75895890268 0.24304732597 -4.51591157671
1.0 -0.4518808 0.02326632 -0.42861448 -4.73208467193 0.243644333294 -4.48844033863
1.004 -0.4507709 0.02333718 -0.42743372 -4.72046182631 0.244386377478 -4.47607544883
1.008 -0.4508748 0.0234197 -0.4274551 -4.72154986456 0.245250524898 -4.47629933966
1.012 -0.4526916 0.02351164 -0.42917996 -4.74057534967 0.246213318326 -4.49436203135
1.016 -0.4556607 0.02361483 -0.43204587 -4.77166769217 0.247293921479 -4.52437377069
1.02 -0.4595081 0.02372855 -0.43577955 -4.81195757075 0.248484794534 -4.56347277622
1.024 -0.464138 0.0238492 -0.4402888 -4.86044177017 0.24974823838 -4.61069353179
1.028 -0.469001 0.02396712 -0.44503388 -4.91136698709 0.250983093732 -4.66038389336
1.032 -0.4736921 0.0240751 -0.449617 -4.96049207141 0.252113857648 -4.70837821376
1.036 -0.4779547 0.02416594 -0.45378876 -5.00512991423 0.253065131904 -4.75206478233
1.04 -0.4816841 0.0242356 -0.4574485 -5.0441840997 0.253794609718 -4.79038948999
1.044 -0.4843788 0.02428211 -0.46009669 -5.07240293212 0.254281661299 -4.81812127082
1.048 -0.4866677 0.02430508 -0.46236262 -5.09637223686 0.254522202576 -4.84185003429
1.052 -0.488351 0.02431089 -0.46404011 -5.11399971324 0.254583044754 -4.85941666849
1.056 -0.4892442 0.02430286 -0.46494134 -5.12335328177 0.254498954791 -4.86885432698
1.06 -0.489725 0.0242892 -0.4654358 -5.1283882076 0.254355907605 -4.87403229999
1.064 -0.4896493 0.02427613 -0.46537317 -5.12759547905 0.254219038885 -4.87337644017
1.068 -0.4891427 0.02426963 -0.46487307 -5.12229037626 0.254150971044 -4.86813940521
1.072 -0.4882908 0.02427816 -0.46401264 -5.11336930032 0.254240296996 -4.85912900332
1.076 -0.487223 0.02430954 -0.46291346 -5.10218732487 0.254568907587 -4.84761841728
1.08 -0.4857536 0.02436684 -0.46138676 -5.08679980405 0.255168951784 -4.83163085227
1.084 -0.484143 0.02445957 -0.45968343 -5.06993364029 0.256140018073 -4.81379362222
1.088 -0.4820963 0.02458029 -0.45751601 -5.04850064801 0.257404194957 -4.79109645305
1.092 -0.4800723 0.02471843 -0.45535387 -5.02730536957 0.258850793654 -4.76845457592
1.096 -0.4780752 0.02485313 -0.45322207 -5.00639178728 0.260261368756 -4.74613041852
1.1 -0.4762542 0.02498259 -0.45127161 -4.98732231987 0.261617070705 -4.72570524917
1.104 -0.4742371 0.02509279 -0.44914431 -4.96619929807 0.262771082407 -4.70342821566
1.108 -0.4724476 0.02517533 -0.44727227 -4.94745969789 0.263635439266 -4.68382425862
1.112 -0.4706021 0.02522976 -0.44537234 -4.92813366708 0.264205428893 -4.66392823819
1.116 -0.4682186 0.02525545 -0.44296315 -4.90317371345 0.264474453944 -4.6386992595
1.12 -0.4656321 0.02525762 -0.44037448 -4.87608794879 0.264497178131 -4.61159077065
1.124 -0.4632352 0.02524131 -0.43799389 -4.85098767068 0.26432638021 -4.58666129047
1.128 -0.4607777 0.02520777 -0.43556993 -4.82525279086 0.263975150151 -4.56127764071
1.132 -0.4589564 0.02516505 -0.43379135 -4.80618018186 0.263527787357 -4.5426523945
1.136 -0.4580154 0.02511275 -0.43290265 -4.7963260529 0.262980103038 -4.53334594987
1.14 -0.4573739 0.02505808 -0.43231582 -4.78960828061 0.262407600137 -4.52720068048
1.144 -0.4579276 0.02499858 -0.43292902 -4.79540661345 0.261784517594 -4.53362209586
1.148 -0.458839 0.02493487 -0.43390413 -4.80495077193 0.261117348034 -4.5438334239
1.152 -0.4595151 0.02486615 -0.43464895 -4.81203087458 0.260397713877 -4.5516331607
1.156 -0.4604181 0.02478873 -0.43562937 -4.82148706847 0.259586973533 -4.56190009493
1.16 -0.4604411 0.0247075 -0.4357336 -4.8217279239 0.258736334962 -4.56299158894
1.164 -0.4595624 0.02462242 -0.43493998 -4.81252619902 0.257845379285 -4.55468081973
1.168 -0.458049 0.02454047 -0.43350853 -4.79667791128 0.256987200892 -4.53969071039
1.172 -0.4556701 0.02445578 -0.43121432 -4.77176612874 0.256100329286 -4.51566579945
1.176 -0.4526419 0.02438034 -0.42826156 -4.74005489249 0.255310323453 -4.48474456904
1.18 -0.4493031 0.02432202 -0.42498108 -4.70509106065 0.254699597842 -4.45039146281
1.184 -0.44618 0.02428062 -0.42189938 -4.67238603393 0.254266058055 -4.41811997587
1.188 -0.4431669 0.02425201 -0.41891489 -4.64083292451 0.253966454836 -4.38686646968
1.192 -0.4404513 0.02423378 -0.41621752 -4.61239522781 0.253775550722 -4.35861967709
1.196 -0.4388991 0.02421636 -0.41468274 -4.59614062742 0.253593128909 -4.34254749851
1.2 -0.4383477 0.02420475 -0.41414295 -4.59036638013 0.253471549273 -4.33689483085
1.204 -0.4383429 0.02419284 -0.41415006 -4.59031611464 0.253346828045 -4.3369692866
1.208 -0.4403026 0.0241835 -0.4161191 -4.61083804505 0.253249019794 -4.35758902526
1.212 -0.4434943 0.0241818 -0.4193125 -4.6442614493 0.253231217435 -4.39103023186
1.216 -0.447499 0.02419611 -0.42330289 -4.68619856963 0.253381071405 -4.43281749822
1.22 -0.4526054 0.02423258 -0.42837282 -4.73967266538 0.253762984352 -4.48590968103
1.224 -0.4585111 0.02429546 -0.43421564 -4.80151701116 0.254421462172 -4.54709554899
1.228 -0.4643024 0.0243699 -0.4399325 -4.86216336295 0.255200996029 -4.60696236692
1.232 -0.4699543 0.02444023 -0.44551407 -4.92134992134 0.255937490067 -4.66541243128
1.236 -0.4747329 0.02448023 -0.45025267 -4.97139130352 0.256356369087 -4.71503493444
1.24 -0.4786442 0.02448192 -0.45416228 -5.01235034134 0.256374066726 -4.75597627462
1.244 -0.4819074 0.02444919 -0.45745821 -5.04652249184 0.256031318967 -4.79049117287
1.248 -0.4849782 0.02438648 -0.46059172 -5.07867983424 0.255374621383 -4.82330521285
1.252 -0.4871064 0.02430544 -0.46280096 -5.10096629252 0.254525972488 -4.84644032003
1.256 -0.4894705 0.02422119 -0.46524931 -5.12572308983 0.253643708551 -4.87207938128
1.26 -0.4915022 0.02414267 -0.46735953 -5.14699900248 0.252821449033 -4.89417755344
1.264 -0.4929877 0.02407838 -0.46890932 -5.1625551221 0.252148205728 -4.91040691637
1.268 -0.4946419 0.02403362 -0.47060828 -5.17987786399 0.251679480104 -4.92819838389
1.272 -0.4959655 0.02401292 -0.47195258 -5.19373857078 0.251462710211 -4.94227586057
1.276 -0.497064 0.02402071 -0.47304329 -5.20524203588 0.2515442869 -4.95369774898
1.28 -0.497784 0.02405436 -0.47372964 -5.21278185825 0.251896668876 -4.96088518937
1.284 -0.4983508 0.0241127 -0.4742381 -5.21871737397 0.252507603927 -4.96620977004
1.288 -0.4980688 0.02419207 -0.47387673 -5.21576427687 0.253338764624 -4.96242551225
1.292 -0.4973336 0.02429284 -0.47304076 -5.20806528048 0.254394025596 -4.95367125488
1.296 -0.4957825 0.02441476 -0.47136774 -5.19182219926 0.255670768851 -4.93615143041
1.3 -0.4935761 0.02455966 -0.46901644 -5.16871683249 0.257188158102 -4.91152867439
1.304 -0.4905031 0.02473071 -0.46577239 -5.13653645174 0.258979389514 -4.87755706223
1.308 -0.4864316 0.02492171 -0.46150989 -5.09389980345 0.260979536836 -4.83292026661
1.312 -0.4821034 0.02510837 -0.45699503 -5.04857499904 0.262934235785 -4.78564076325
1.316 -0.4774107 0.02527312 -0.45213758 -4.99943315955 0.264659493751 -4.7347736658
1.32 -0.4728074 0.02539678 -0.44741062 -4.95122751468 0.265954458243 -4.68527305643
1.324 -0.4684716 0.02547744 -0.44299416 -4.90582312325 0.266799127788 -4.63902399546
1.328 -0.464007 0.02552357 -0.43848343 -4.85906994138 0.267282200018 -4.59178774136
1.332 -0.4601769 0.02554576 -0.43463114 -4.81896122797 0.267514573155 -4.55144665482
1.336 -0.4571298 0.0255509 -0.4315789 -4.78705207139 0.267568399109 -4.51948367228
1.34 -0.4546373 0.02554214 -0.42909516 -4.76095067243 0.267476664603 -4.49347400782
1.344 -0.453517 0.02552514 -0.42799186 -4.74921891826 0.26729864102 -4.48192027724
1.348 -0.452529 0.02549801 -0.42703099 -4.73887260645 0.267014536324 -4.47185807013
1.352 -0.4520678 0.02546091 -0.42660689 -4.73404293135 0.266626026032 -4.46741690532
1.356 -0.4507982 0.02541085 -0.42538735 -4.72074771124 0.266101798938 -4.4546459123
1.36 -0.4489278 0.02533482 -0.42359298 -4.70116092824 0.26530561464 -4.4358553136
1.364 -0.4459 0.02522877 -0.42067123 -4.66945388079 0.264195061637 -4.40525881915
1.368 -0.4423054 0.02510453 -0.41720087 -4.63181131761 0.262894023399 -4.36891729421
1.372 -0.4378953 0.02497485 -0.41292045 -4.5856288584 0.261536017615 -4.32409284079
1.376 -0.4331496 0.02484689 -0.40830271 -4.53593200422 0.260196023629 -4.27573598059
1.38 -0.428554 0.02472414 -0.40382986 -4.48780699356 0.258910588634 -4.22889640492
1.384 -0.4239129 0.024609 -0.3993039 -4.43920550801 0.257704845374 -4.18150066263
1.388 -0.4196398 0.02450411 -0.39513569 -4.39445770945 0.256606439863 -4.13785126958
1.392 -0.4162281 0.02440895 -0.39181915 -4.35873047059 0.255609926673 -4.10312054392
1.396 -0.4138944 0.02432376 -0.38957064 -4.33429202134 0.254717819079 -4.07957420226
1.4 -0.4126826 0.02424556 -0.38843704 -4.32160208141 0.253898910594 -4.06770317082
1.404 -0.412807 0.02417363 -0.38863337 -4.32290479517 0.253145661395 -4.06975913377
1.408 -0.414729 0.02410766 -0.39062134 -4.3430319321 0.252454825171 -4.09057710693
1.412 -0.4182019 0.02404915 -0.39415275 -4.37940005586 0.251842109884 -4.12755794597
1.416 -0.423264 0.02400058 -0.39926342 -4.4324102431 0.251333486033 -4.18107675706
1.42 -0.4295968 0.02396452 -0.40563228 -4.49872716962 0.250955866596 -4.24777130302
1.424 -0.4366442 0.0239432 -0.412701 -4.57252736984 0.250732604078 -4.32179476576
1.428 -0.4441523 0.02393243 -0.42021987 -4.65115200918 0.250619820902 -4.40053218828
1.432 -0.4513138 0.02392413 -0.42738967 -4.72614706181 0.250532903505 -4.47561415831
1.436 -0.4578582 0.02391243 -0.43394577 -4.79467985835 0.250410381392 -4.54426947696
1.44 -0.4635327 0.02388915 -0.43964355 -4.8541030834 0.250166593802 -4.60393648959
1.444 -0.4684995 0.02385212 -0.44464738 -4.90611529137 0.249778816548 -4.65633647482
1.448 -0.4726202 0.02380147 -0.44881873 -4.94926716086 0.249248410989 -4.70001874987
1.452 -0.4759998 0.02373968 -0.45226012 -4.9846582493 0.248601347622 -4.73605690168
1.456 -0.4783775 0.02367136 -0.45470614 -5.00955746548 0.247885902255 -4.76167156322
1.46 -0.4806383 0.02360418 -0.45703412 -5.03323250771 0.24718239494 -4.78605011277
1.464 -0.4822545 0.02354014 -0.45871436 -5.05015731454 0.246511769628 -4.80364554491
1.468 -0.4840686 0.02348267 -0.46058593 -5.06915452531 0.245909945196 -4.82324458012
1.472 -0.4855402 0.02343325 -0.46210695 -5.08456508448 0.245392420166 -4.83917266431
1.476 -0.4866665 0.02338804 -0.46327846 -5.09635967049 0.244918982153 -4.85144068834
1.48 -0.4879776 0.02334341 -0.46463419 -5.11008947759 0.244451617886 -4.8656378597
1.484 -0.4889469 0.02330676 -0.46564014 -5.12023996345 0.244067819983 -4.87617214347
1.488 -0.4903655 0.02327349 -0.46709201 -5.13509550791 0.243719417358 -4.89137609055
1.492 -0.4915021 0.02324823 -0.46825387 -5.14699795528 0.243454895257 -4.90354306002
1.496 -0.4918449 0.02323183 -0.46861307 -5.15058774849 0.243283154858 -4.90730459363
1.5 -0.4930144 0.02322254 -0.46979186 -5.16283472385 0.243185870206 -4.91964885364
1.504 -0.4929486 0.02322515 -0.46972345 -5.16214566786 0.243213202062 -4.9189324658
1.508 -0.4925903 0.02323763 -0.46935267 -5.15839355903 0.243343892316 -4.91504966672
1.512 -0.4911201 0.02326108 -0.46785902 -5.14299766063 0.243589460142 -4.89940820049
1.516 -0.4890845 0.02329383 -0.46579067 -5.12168090728 0.24393241734 -4.87774848994
1.52 -0.4866509 0.02333379 -0.46331711 -5.09619630768 0.244350877481 -4.85184543019
1.524 -0.4838477 0.02337405 -0.46047365 -5.06684126592 0.244772479215 -4.82206878671
1.528 -0.4816149 0.02341257 -0.45820233 -5.043459439 0.245175859712 -4.79828357929
1.532 -0.4798308 0.02344603 -0.45638477 -5.02477638749 0.245526252013 -4.77925013547
1.536 -0.4788741 0.02347231 -0.45540179 -5.01475784851 0.245801455529 -4.76895639299
1.54 -0.4789249 0.02348873 -0.45543617 -5.01528982487 0.245973405367 -4.7693164195
1.544 -0.4795523 0.02349501 -0.45605729 -5.02185994231 0.246039169373 -4.77582077293
1.548 -0.4807965 0.02348902 -0.45730748 -5.03488917424 0.24597644224 -4.788912732
1.552 -0.4817033 0.02347245 -0.45823085 -5.04438516163 0.245802921606 -4.79858224003
1.556 -0.4819635 0.02343809 -0.45852541 -5.04710996966 0.245443104527 -4.80166686513
1.56 -0.4811485 0.02338934 -0.45775916 -5.03857530962 0.244932595721 -4.7936427139
1.564 -0.4793885 0.02333471 -0.45605379 -5.02014463272 0.244360511699 -4.77578412102
1.568 -0.4764827 0.02328095 -0.45320175 -4.98971516628 0.243797538295 -4.74591762798
1.572 -0.4728156 0.02323091 -0.44958469 -4.95131338488 0.243273520641 -4.70803986423
1.576 -0.4681224 0.02319005 -0.44493235 -4.9021663094 0.242845635721 -4.65932067368
1.58 -0.4635688 0.02316025 -0.44040855 -4.85448112171 0.242533570851 -4.61194755086
1.584 -0.4587035 0.02314396 -0.43555954 -4.80353181925 0.24236298237 -4.56116883688
1.588 -0.4538911 0.02314356 -0.43074754 -4.7531364843 0.24235879358 -4.51077769072
1.592 -0.4496775 0.02315824 -0.42651926 -4.70901176828 0.24251252218 -4.4664992461
1.596 -0.4460908 0.02318541 -0.42290539 -4.67145193371 0.242797045755 -4.42865488796
1.6 -0.4438063 0.02322467 -0.42058163 -4.64752870566 0.243208175513 -4.40432053014
1.604 -0.4429463 0.02327569 -0.41967061 -4.63852280672 0.243742455704 -4.39478035101
1.608 -0.443367 0.023336 -0.420031 -4.64292836681 0.244374020547 -4.39855434627
1.612 -0.4450383 0.0234051 -0.4216332 -4.66043017949 0.245097634055 -4.41533254543
1.616 -0.4479693 0.02348455 -0.42448475 -4.69112353971 0.24592963251 -4.4451939072
1.62 -0.4522881 0.02357278 -0.42871532 -4.73634990755 0.246853574909 -4.48949633264
1.624 -0.4565752 0.0236696 -0.4329056 -4.78124431377 0.247867471578 -4.53337684219
1.628 -0.4614275 0.02376907 -0.43765843 -4.83205748055 0.248909118982 -4.58314836157
1.632 -0.4662577 0.02386182 -0.44239588 -4.88263921667 0.249880394711 -4.63275882195
1.636 -0.4704449 0.02393766 -0.44650724 -4.92648747253 0.250674589334 -4.6758128832
1.64 -0.4739459 0.02399271 -0.44995319 -4.9631498588 0.251251071586 -4.71189878721
1.644 -0.4766569 0.02402587 -0.45263103 -4.99153938441 0.251598322294 -4.73994106212
1.648 -0.4788192 0.02403756 -0.45478164 -5.01418293706 0.251720739687 -4.76246219737
1.652 -0.4803832 0.02403384 -0.45634936 -5.03056110676 0.251681783939 -4.77887932282
1.656 -0.481187 0.02402103 -0.45716597 -5.03897848068 0.251547637932 -4.78743084274
1.66 -0.4815904 0.0240053 -0.4575851 -5.0432028756 0.251382913757 -4.79181996184
1.664 -0.4815474 0.02399391 -0.45755349 -5.04275258065 0.251263637956 -4.79148894269
1.668 -0.481131 0.02399966 -0.45713134 -5.03839205005 0.251323851816 -4.78706819823
1.672 -0.4802419 0.02402834 -0.45621356 -5.02908141662 0.251624188073 -4.77745722855
1.676 -0.479268 0.0240711 -0.4551969 -5.01888275967 0.252071969746 -4.76681078992
1.68 -0.4777949 0.02415509 -0.45363981 -5.00345649254 0.252951510969 -4.75050498157
1.684 -0.4762517 0.02427393 -0.45197777 -4.98729613993 0.254196000539 -4.73310013939
1.688 -0.4742765 0.02442147 -0.44985503 -4.9666118939 0.255741035806 -4.71087085809
1.692 -0.4722459 0.02457489 -0.44767101 -4.94534750043 0.257347646289 -4.68799985414
1.696 -0.4701036 0.02474237 -0.44536123 -4.92291338729 0.259101492748 -4.66381189454
1.7 -0.4681637 0.02490115 -0.44326255 -4.90259880199 0.26076423302 -4.64183456897
1.704 -0.4660593 0.0250392 -0.4410201 -4.88056157672 0.262209889239 -4.61835168748
1.708 -0.4641652 0.02514268 -0.43902252 -4.86072660791 0.263293529265 -4.59743307864
1.712 -0.4623335 0.02521798 -0.43711552 -4.84154509036 0.264082069021 -4.57746302134
1.716 -0.4598444 0.02526822 -0.43457618 -4.81547929611 0.264608181071 -4.55087111504
1.72 -0.4573192 0.02529411 -0.43202509 -4.78903546355 0.264879300517 -4.52415616303
1.724 -0.4548726 0.02529963 -0.42957297 -4.76341472826 0.264937105822 -4.49847762244
1.728 -0.452459 0.0252917 -0.4271673 -4.73813956817 0.264854063056 -4.47328550511
1.732 -0.4507199 0.02527413 -0.42544577 -4.71992775556 0.264670070446 -4.45525768511
1.736 -0.4497623 0.02524757 -0.42451473 -4.70989979181 0.264391934777 -4.44550785703
1.74 -0.4494613 0.02521946 -0.42424184 -4.70674772718 0.264097567545 -4.44265015963
1.744 -0.4500347 0.02518615 -0.42484855 -4.71275235793 0.263748746041 -4.44900361189
1.748 -0.4510514 0.02514979 -0.42590161 -4.72339921544 0.263367985011 -4.46003123043
1.752 -0.4521289 0.02510687 -0.42702203 -4.73468276905 0.262918527822 -4.47176424123
1.756 -0.4531814 0.02505821 -0.42812319 -4.74570452328 0.262408961494 -4.48329556178
1.76 -0.4535098 0.0250035 -0.4285063 -4.74914352004 0.261836039713 -4.48730748032
1.764 -0.4529486 0.02493277 -0.42801583 -4.74326664738 0.261095356885 -4.48217129049
1.768 -0.451658 0.02485384 -0.42680416 -4.72975151578 0.260268803858 -4.46948271193
1.772 -0.4500714 0.02477911 -0.42529229 -4.71313667944 0.259486233128 -4.45365044631
1.776 -0.4474962 0.02471774 -0.42277846 -4.6861692481 0.258843567991 -4.42732568011
1.78 -0.444994 0.02466856 -0.42032544 -4.65996627097 0.258328556235 -4.40163771474
1.784 -0.4424224 0.02463441 -0.41778799 -4.63303653875 0.257970938272 -4.37506560047
1.788 -0.4398717 0.0246093 -0.4152624 -4.60632567081 0.257707986967 -4.34861768384
1.792 -0.4377517 0.02459052 -0.41316118 -4.58412508272 0.257511323267 -4.32661375945
1.796 -0.4366639 0.02457255 -0.41209135 -4.57273366776 0.257323141867 -4.31541052589
1.8 -0.4363122 0.02455475 -0.41175745 -4.56905067397 0.257136740702 -4.31191393327
1.804 -0.4364696 0.0245334 -0.4119362 -4.57069896292 0.256913164025 -4.31378579889
1.808 -0.4387809 0.02451288 -0.41426802 -4.59490283992 0.256698279088 -4.33820456083
1.812 -0.4421847 0.02449608 -0.41768862 -4.63054735017 0.256522349899 -4.37402500027
1.816 -0.4458474 0.02449451 -0.42135289 -4.66890305487 0.256505908898 -4.41239714598
1.82 -0.451417 0.02452186 -0.42689514 -4.72722776969 0.256792317428 -4.47043545226
1.824 -0.4574929 0.02458342 -0.43290948 -4.7908544457 0.25743697224 -4.53341747346
1.828 -0.4632108 0.02467165 -0.43853915 -4.85073215448 0.25836091464 -4.59237123984
1.832 -0.468745 0.02475874 -0.44398626 -4.90868616136 0.259272918987 -4.64941324237
1.836 -0.4737191 0.02481812 -0.44890098 -4.96077481475 0.259894744893 -4.70088006986
1.84 -0.4781031 0.02484056 -0.45326254 -5.0066839554 0.260129736024 -4.74655421937
1.844 -0.4815933 0.02482488 -0.45676842 -5.04323324433 0.259965535447 -4.78326770888
1.848 -0.4844662 0.02478467 -0.45968153 -5.07331818278 0.259544457312 -4.81377372546
1.852 -0.4871052 0.0247311 -0.4623741 -5.10095372615 0.258983473584 -4.84197025257
1.856 -0.4892476 0.02467439 -0.46457321 -5.12338888649 0.258389607853 -4.86499927864
1.86 -0.4909045 0.02462552 -0.46627898 -5.14073990271 0.257877842409 -4.8828620603
1.864 -0.4923701 0.02458417 -0.46778593 -5.15608763002 0.257444826222 -4.8986428038
1.868 -0.4936937 0.02455312 -0.46914058 -5.16994833681 0.257119671382 -4.91282866543
1.872 -0.494343 0.02453016 -0.46981284 -5.17674779051 0.256879234825 -4.91986855569
1.876 -0.4947166 0.02452211 -0.47019449 -5.18066012056 0.256794935422 -4.92386518514
1.88 -0.4950444 0.02453232 -0.47051208 -5.18409283414 0.256901854292 -4.92719097984
1.884 -0.4947445 0.02455476 -0.47018974 -5.18095228868 0.257136845422 -4.92381544326
1.888 -0.4938901 0.02459492 -0.46929518 -5.1720050328 0.257557399959 -4.91444763284
1.892 -0.492689 0.02464768 -0.46804132 -5.15942714302 0.258109901387 -4.90131724163
1.896 -0.4905754 0.02471706 -0.46585834 -5.13729357557 0.258836447048 -4.87845712853
1.9 -0.4879397 0.02480782 -0.46313188 -5.10969258972 0.259786883545 -4.84990570617
1.904 -0.4845226 0.0249197 -0.4596029 -5.07390880219 0.260958488166 -4.81295031403
1.908 -0.4804595 0.02504749 -0.45541201 -5.03136011849 0.262296701916 -4.76906341658
1.912 -0.4759493 0.02517681 -0.45077249 -4.98412941454 0.263650937789 -4.72047847675
1.916 -0.4713367 0.02528837 -0.44604833 -4.93582638029 0.264819191378 -4.67100718891
1.92 -0.4667797 0.02536719 -0.44141251 -4.88810558788 0.265644592487 -4.6224609954
1.924 -0.4620995 0.02541658 -0.43668292 -4.83909464809 0.266161803358 -4.57293284473
1.928 -0.4578437 0.02544241 -0.43240129 -4.79452801471 0.266432294485 -4.52809572022
1.932 -0.4539852 0.02545048 -0.42853472 -4.75412189719 0.266516803328 -4.48760509387
1.936 -0.4508917 0.02544917 -0.42544253 -4.72172684095 0.26650308504 -4.45522375591
1.94 -0.4486265 0.02543379 -0.42319271 -4.69800572202 0.266342026056 -4.43166369596
1.944 -0.4474165 0.02538499 -0.42203151 -4.68533463165 0.265830993652 -4.419503638
1.948 -0.446368 0.0253088 -0.4210592 -4.67435476533 0.265033133837 -4.40932163149
1.952 -0.4455644 0.02521255 -0.42035185 -4.6659394858 0.264025206194 -4.40191427961
1.956 -0.4445704 0.02510149 -0.41946891 -4.65553034214 0.262862188594 -4.39266815355
1.96 -0.443079 0.02497906 -0.41809994 -4.63991243787 0.261580104632 -4.37833233323
1.964 -0.4406301 0.02484679 -0.41578331 -4.61426761704 0.260194976431 -4.3540726406
1.968 -0.4374694 0.0247091 -0.4127603 -4.58116884403 0.258753090123 -4.32241575391
1.972 -0.4336398 0.02457139 -0.40906841 -4.54106536661 0.257310994375 -4.28375437224
1.976 -0.4294093 0.02443798 -0.40497132 -4.49676367421 0.255913928122 -4.24084974609
1.98 -0.4251345 0.02431424 -0.40082026 -4.45199807329 0.254618125872 -4.19737994742
1.984 -0.4210396 0.02419986 -0.39683974 -4.40911638077 0.253420341313 -4.15569603945
1.988 -0.4175873 0.02409664 -0.39349066 -4.37296397971 0.252339424001 -4.12062455571
1.992 -0.4148295 0.02400334 -0.39082616 -4.34408436564 0.251362388685 -4.09272197696
1.996 -0.412796 0.02392131 -0.38887469 -4.32278960344 0.250503372534 -4.0722862309
2.0 -0.4122607 0.02384714 -0.38841356 -4.31718395495 0.24972666611 -4.06745728884
2.004 -0.4130584 0.0237831 -0.3892753 -4.32553744981 0.249056040799 -4.07648140901
2.008 -0.4154119 0.0237287 -0.3916832 -4.35018324418 0.248486365331 -4.10169687885
2.012 -0.4193203 0.02368618 -0.39563412 -4.39111191327 0.248041096932 -4.14307081634
2.016 -0.4248349 0.02365601 -0.40117889 -4.44886066943 0.247725157431 -4.201135512
2.02 -0.4316221 0.02364049 -0.40798161 -4.51993606162 0.247562632371 -4.27237342925
2.024 -0.438794 0.02363964 -0.41515436 -4.5950400228 0.247553731192 -4.34748629161
2.028 -0.4461636 0.02364853 -0.42251507 -4.67221429353 0.247646827054 -4.42456746648
2.032 -0.4535536 0.02365658 -0.42989702 -4.74960219256 0.247731126457 -4.50187106611
2.036 -0.4602498 0.02365922 -0.43659058 -4.81972463499 0.247758772472 -4.57196586252
2.04 -0.4657694 0.02364957 -0.44211983 -4.87752575102 0.247657717909 -4.62986803311
2.044 -0.4709688 0.0236237 -0.4473451 -4.9319737405 0.247386807902 -4.6845869326
2.048 -0.4747342 0.02358255 -0.45115165 -4.97140491709 0.24695588611 -4.72444903098
2.052 -0.4778652 0.02353042 -0.45433478 -5.00419267242 0.246409982026 -4.75778269039
2.056 -0.4807344 0.023471 -0.4572634 -5.03423886456 0.245787737241 -4.78845112732
2.06 -0.4827054 0.02341279 -0.45929261 -5.05487912829 0.245178163547 -4.80970096475
2.064 -0.4845421 0.02335563 -0.46118647 -5.07411300572 0.244579585427 -4.82953342029
2.068 -0.4860298 0.02330227 -0.46272753 -5.08969216369 0.244020800813 -4.84567136287
2.072 -0.4870098 0.02325358 -0.46375622 -5.09995469969 0.243510920326 -4.85644377936
2.076 -0.4881923 0.02321437 -0.46497793 -5.11233781073 0.243100314166 -4.86923749656
2.08 -0.4896486 0.02318628 -0.46646232 -5.12758814867 0.242806156374 -4.88478199229
2.084 -0.4909094 0.02316883 -0.46774057 -5.14079121539 0.242623420401 -4.89816779499
2.088 -0.4917959 0.02316108 -0.46863482 -5.15007462169 0.242542262591 -4.90753235909
2.092 -0.4926974 0.02316335 -0.46953405 -5.15951510761 0.242566033975 -4.91694907363
2.096 -0.4935152 0.02317317 -0.47034203 -5.16807908918 0.242668868775 -4.92541022041
2.1 -0.4941026 0.02318922 -0.47091338 -5.1742303276 0.242836943982 -4.93139338362
2.104 -0.493557 0.02321611 -0.47034089 -5.16851681776 0.243118535403 -4.92539828236
2.108 -0.4931619 0.02325239 -0.46990951 -5.16437934023 0.243498458675 -4.92088088156
2.112 -0.491382 0.02329762 -0.46808438 -5.14574027102 0.243972106127 -4.90176816489
2.116 -0.4887505 0.02335068 -0.46539982 -5.11818326746 0.244527749148 -4.87365551831
2.12 -0.4862742 0.02340937 -0.46286483 -5.0922515145 0.245142349391 -4.84710916511
2.124 -0.4833423 0.02346634 -0.45987596 -5.0615487295 0.245738937835 -4.81580979166
2.128 -0.4803416 0.02352211 -0.45681949 -5.03012547258 0.24632295991 -4.78380251267
2.132 -0.4782095 0.02357198 -0.45463752 -5.00779817359 0.246845197329 -4.76095297626
2.136 -0.476971 0.02361282 -0.45335818 -4.99482863192 0.247272872808 -4.74755575911
2.14 -0.4763485 0.02364311 -0.45270539 -4.98830982716 0.247590068947 -4.74071975822
2.144 -0.4767434 0.0236623 -0.4530811 -4.99244521029 0.247791026157 -4.74465418413
2.148 -0.4774586 0.02366697 -0.45379163 -4.99993476718 0.247839930282 -4.7520948369
2.152 -0.4779729 0.02366146 -0.45431144 -5.00532050418 0.247782229697 -4.75753827449
2.156 -0.4778331 0.02363632 -0.45419678 -5.00385652201 0.247518964233 -4.75633755777
2.16 -0.476788 0.02359645 -0.45319155 -4.9929122604 0.247101446569 -4.74581081383
2.164 -0.4751461 0.02355018 -0.45159592 -4.97571832381 0.246616908262 -4.72910141554
2.168 -0.472072 0.02350316 -0.44856884 -4.94352642388 0.246124515974 -4.69740190791
2.172 -0.4684548 0.02345918 -0.44499562 -4.90564719406 0.245663958491 -4.65998323557
2.176 -0.4642687 0.02342476 -0.44084394 -4.86181045737 0.245303513094 -4.61650694428
2.18 -0.4599812 0.02339979 -0.43658141 -4.81691186236 0.245042027865 -4.5718698345
2.184 -0.4555391 0.02338774 -0.43215136 -4.77039429994 0.24491584056 -4.52547845938
2.188 -0.4513526 0.02339142 -0.42796118 -4.72655337446 0.24495437743 -4.48159899703
2.192 -0.447841 0.02341092 -0.42443008 -4.68977998525 0.245158580953 -4.4446214043
2.196 -0.4446199 0.02344367 -0.42117623 -4.65604870493 0.245501538151 -4.41054716678
2.2 -0.4428368 0.02348909 -0.41934771 -4.6373761254 0.245977175278 -4.39139895012
2.204 -0.442364 0.0235452 -0.4188188 -4.63242497538 0.246564757824 -4.38586021755
2.208 -0.4429735 0.02361012 -0.41936338 -4.63880764445 0.247244598475 -4.39156304598
2.212 -0.4451155 0.02368254 -0.42143296 -4.661238616 0.248002978941 -4.41323563706
2.216 -0.4483976 0.02376484 -0.42463276 -4.69560868682 0.248864822526 -4.4467438643
2.22 -0.4524206 0.02385735 -0.42856325 -4.73773744431 0.24983358498 -4.48790385933
2.224 -0.4572336 0.02395739 -0.43327621 -4.78813906245 0.250881201411 -4.53725786104
2.228 -0.4621229 0.0240519 -0.438071 -4.83933969232 0.251870907816 -4.5874687845
2.232 -0.4668994 0.02414137 -0.44275803 -4.88935908335 0.252807835465 -4.63655124789
2.236 -0.4712283 0.02421582 -0.44701248 -4.93469121815 0.253587474042 -4.6811037441
2.24 -0.4749256 0.02427217 -0.45065343 -4.97340925321 0.254177569862 -4.71923168334
2.244 -0.4775776 0.02430788 -0.45326972 -5.00118093226 0.254551524108 -4.74662940816
2.248 -0.4798222 0.02432197 -0.45550023 -5.0246863285 0.254699074243 -4.76998725425
2.252 -0.4815063 0.0243207 -0.4571856 -5.04232218246 0.254685774834 -4.78763640762
2.256 -0.4822471 0.02430714 -0.45793996 -5.05007982192 0.254543774846 -4.79553604707
2.26 -0.4825557 0.02428909 -0.45826661 -5.05331147356 0.254354755688 -4.79895671787
2.264 -0.482449 0.02427241 -0.45817659 -5.05219411377 0.254180083136 -4.79801403064
2.268 -0.4818089 0.02426361 -0.45754529 -5.04549100225 0.254087929752 -4.7914030725
2.272 -0.4807783 0.02427042 -0.45650788 -5.03469858428 0.254159243905 -4.78053934038
2.276 -0.4795949 0.02429935 -0.45529555 -5.02230604846 0.254462198157 -4.76784385031
2.28 -0.4780005 0.02435319 -0.45364731 -5.00560953071 0.255026009318 -4.75058352139
2.284 -0.4761783 0.02443982 -0.45173848 -4.98652749693 0.255933196557 -4.73059430037
2.288 -0.4739339 0.02454911 -0.44938479 -4.96302419509 0.257077678761 -4.70594651633
2.292 -0.4717229 0.02467297 -0.44704993 -4.93987065723 0.258374737647 -4.68149591959
2.296 -0.4694624 0.02479384 -0.44466856 -4.91619875659 0.259640485328 -4.65655827126
2.3 -0.4673061 0.02491067 -0.44239543 -4.89361803579 0.260863926227 -4.63275410957
2.304 -0.4649616 0.02501066 -0.43995094 -4.8690664892 0.261911019058 -4.60715547015
2.308 -0.4627983 0.02508494 -0.43771336 -4.84641246458 0.262688877399 -4.58372358718
2.312 -0.4605687 0.02513326 -0.43543544 -4.82306414798 0.263194883256 -4.55986926472
2.316 -0.4578631 0.02515499 -0.43270811 -4.79473117103 0.263422439284 -4.53130873175
2.32 -0.4550296 0.02515532 -0.42987428 -4.76505882842 0.263425895036 -4.50163293338
2.324 -0.4524327 0.02513901 -0.42729369 -4.73786415521 0.263255097115 -4.4746090581
2.328 -0.4498911 0.02510733 -0.42478377 -4.71124858225 0.262923344931 -4.44832523732
2.332 -0.4480639 0.02506821 -0.42299569 -4.6921141886 0.262513681249 -4.42960050735
2.336 -0.4471627 0.02502121 -0.42214149 -4.68267684426 0.2620214984 -4.42065534586
2.34 -0.4466191 0.0249733 -0.4216458 -4.67698427838 0.261519786053 -4.41546449232
2.344 -0.4473285 0.02492158 -0.42240692 -4.6844130978 0.26097817548 -4.42343492232
2.348 -0.4483825 0.02486658 -0.42351592 -4.69545055999 0.260402216826 -4.43504834317
2.352 -0.4492633 0.02480699 -0.42445631 -4.70467427603 0.259778191806 -4.44489608422
2.356 -0.4503785 0.02473914 -0.42563936 -4.71635262312 0.259067668267 -4.45728495485
2.36 -0.4506403 0.02466765 -0.42597265 -4.71909418631 0.258319026738 -4.46077515957
2.364 -0.4500493 0.02459242 -0.42545688 -4.71290524878 0.25753122002 -4.45537402876
2.368 -0.4488576 0.02451709 -0.42434051 -4.70042579556 0.256742366105 -4.44368342946
2.372 -0.4468147 0.02443945 -0.42237525 -4.67903259679 0.255929321926 -4.42310327486
2.376 -0.4441896 0.02437426 -0.41981534 -4.65154261387 0.255246653842 -4.39629596003
2.38 -0.4413211 0.02432557 -0.41699553 -4.62150375211 0.254736773355 -4.36676697876
2.384 -0.4386716 0.02429201 -0.41437959 -4.59375825299 0.254385333856 -4.33937291914
2.388 -0.4361836 0.02426921 -0.41191439 -4.56770397792 0.254146572815 -4.31355740511
2.392 -0.433936 0.02425508 -0.40968092 -4.54416716576 0.253998603801 -4.29016856196
2.396 -0.432841 0.02424027 -0.40860073 -4.53270035257 0.253843513843 -4.27885683873
2.4 -0.432721 0.02422994 -0.40849106 -4.53144371551 0.253735338336 -4.27770837718
