/*--------------------------------*- C++ -*----------------------------------*\
| =========                 |                                                 |
| \\      /  F ield         | OpenFOAM: The Open Source CFD Toolbox           |
|  \\    /   O peration     | Version:  5.x                                   |
|   \\  /    A nd           | Web:      www.OpenFOAM.org                      |
|    \\/     M anipulation  |                                                 |
\*---------------------------------------------------------------------------*/
FoamFile
{
    version     2.0;
    format      ascii;
    class       labelList;
    note        "nPoints:17970  nCells:8218  nFaces:33641  nInternalFaces:16418";
    location    "constant/polyMesh";
    object      neighbour;
}
// * * * * * * * * * * * * * * * * * * * * * * * * * * * * * * * * * * * * * //


16418
(
1
40
2
41
3
42
4
43
5
44
6
45
7
46
8
47
9
48
10
49
11
50
12
51
13
52
14
53
15
54
16
55
17
56
18
57
19
58
20
59
21
60
22
61
23
62
24
63
25
64
26
65
27
66
28
67
29
68
30
69
31
70
32
71
33
72
34
73
35
74
36
75
37
76
38
77
39
78
79
41
80
42
81
43
82
44
83
45
84
46
85
47
86
48
87
49
88
50
89
51
90
52
91
53
92
54
93
55
94
56
95
57
96
58
97
59
98
60
99
61
100
62
101
63
102
64
103
65
104
66
105
67
106
68
107
69
108
70
109
71
110
72
111
73
112
74
113
75
114
76
115
77
116
78
117
79
118
119
81
120
82
121
83
122
84
123
85
124
86
125
87
126
88
127
89
128
90
129
91
130
92
131
93
132
94
133
95
134
96
135
97
136
98
137
99
138
100
139
101
140
102
141
103
142
104
143
105
144
106
145
107
146
108
147
109
148
110
149
111
150
112
151
113
152
114
153
115
154
116
155
117
156
118
157
119
158
159
121
160
122
161
123
162
124
163
125
164
126
165
127
166
128
167
129
168
130
169
131
170
132
171
133
172
134
173
135
174
136
175
137
176
138
177
139
178
140
179
141
180
142
181
143
182
144
183
145
184
146
185
147
186
148
187
149
188
150
189
151
190
152
191
153
192
154
193
155
194
156
195
157
196
158
197
159
198
199
161
200
162
201
163
202
164
203
165
204
166
205
167
206
168
207
169
208
170
209
171
210
172
211
173
212
174
213
175
214
176
215
177
216
178
217
179
218
180
219
181
220
182
221
183
222
184
223
185
224
186
225
187
226
188
227
189
228
190
229
191
230
192
231
193
232
194
233
195
234
196
235
197
236
198
237
199
238
239
201
240
202
241
203
242
204
243
205
244
206
245
207
246
208
247
209
248
210
249
211
250
212
251
213
252
214
253
215
254
216
255
217
256
218
257
219
258
220
259
221
260
222
261
223
262
224
263
225
264
226
265
227
266
228
267
229
268
230
269
231
270
232
271
233
272
234
273
235
274
236
275
237
276
238
277
239
278
279
241
280
242
281
243
282
244
283
245
284
246
285
247
286
248
287
249
288
250
289
251
290
252
291
253
292
254
293
255
294
256
295
257
296
258
297
259
298
260
299
261
300
262
301
263
302
264
303
265
304
266
305
267
306
268
307
269
308
270
309
271
310
272
311
273
312
274
313
275
314
276
315
277
316
278
317
279
318
319
281
320
282
321
283
322
284
323
285
324
286
325
287
326
288
327
289
328
290
329
291
330
292
331
293
332
294
333
295
334
296
335
297
336
298
337
299
338
300
339
301
340
302
341
303
342
304
343
305
344
306
345
307
346
308
347
309
348
310
349
311
350
312
351
313
352
314
353
315
354
316
355
317
356
318
357
319
358
359
321
360
322
361
323
362
324
363
325
364
326
365
327
366
328
367
329
368
330
369
331
370
332
371
333
372
334
373
335
374
336
375
337
376
338
377
339
378
340
379
341
380
342
381
343
382
344
383
345
384
346
385
347
386
348
387
349
388
350
389
351
390
352
391
353
392
354
393
355
394
356
395
357
396
358
397
359
398
399
361
400
362
401
363
402
364
403
365
404
366
405
367
406
368
407
369
408
370
409
371
410
372
411
373
412
374
413
375
414
376
415
377
416
378
417
5157
379
418
3885
380
419
3888
381
420
382
421
383
422
384
423
385
424
386
425
387
426
388
427
389
428
390
429
391
430
392
431
393
432
394
433
395
434
396
435
397
436
398
437
399
438
439
401
440
402
441
403
442
404
443
405
444
406
445
407
446
408
447
409
448
410
449
411
450
412
451
413
452
414
453
415
454
416
455
417
456
5155
5160
5155
5157
3883
3885
5157
3885
3886
3888
421
460
3887
3888
3894
422
461
423
462
424
463
425
464
426
465
427
466
428
467
429
468
430
469
431
470
432
471
433
472
434
473
435
474
436
475
437
476
438
477
439
478
479
441
480
442
481
443
482
444
483
445
484
446
485
447
486
448
487
449
488
450
489
451
490
452
491
453
492
454
493
455
494
456
495
5158
5604
5158
5160
3889
3891
5155
5160
3883
3891
5161
5163
1686
3886
5164
5166
1689
3892
3894
462
501
3893
3894
463
502
464
503
465
504
466
505
467
506
468
507
469
508
470
509
471
510
472
511
473
512
474
513
475
514
476
515
477
516
478
517
479
518
519
481
520
482
521
483
522
484
523
485
524
486
525
487
526
488
527
489
528
490
529
491
530
492
531
493
532
494
533
495
534
5602
5602
5604
3895
3897
5158
5604
3889
3897
5605
5607
1684
1692
2040
4540
4541
1587
1687
3898
3900
1590
3892
3901
3903
4092
502
541
3902
3903
503
542
504
543
505
544
506
545
507
546
508
547
509
548
510
549
511
550
512
551
513
552
514
553
515
554
516
555
517
556
518
557
519
558
559
521
560
522
561
523
562
524
563
525
564
526
565
527
566
528
567
529
568
530
569
531
570
532
571
533
572
534
573
535
574
3904
5169
3904
3906
5602
3895
3906
5648
5649
5650
5651
1690
1698
2651
2653
1585
1592
2654
2656
1588
1594
3907
3909
4101
1597
3901
3910
3912
4104
542
580
3911
3912
543
581
544
582
545
583
546
584
547
585
548
586
549
587
550
588
551
589
552
590
553
591
554
592
555
593
556
594
557
595
558
596
559
597
598
561
599
562
600
563
601
564
602
565
603
566
604
567
605
568
606
569
607
570
608
571
609
572
610
573
611
574
612
5167
5167
5169
3904
3913
3915
5169
1696
3915
3916
3918
1591
1599
2657
2659
1595
1603
3919
3921
2049
3910
3922
3924
581
619
3923
3924
582
620
583
621
584
622
585
623
586
624
587
625
588
626
589
627
590
628
591
629
592
630
593
631
594
632
595
633
596
634
597
635
598
636
637
600
638
601
639
602
640
603
641
604
642
605
643
606
644
607
645
608
646
609
647
610
648
611
649
612
650
613
651
3925
5172
3925
3927
5167
3913
3927
4216
4217
5363
5364
1598
1705
4546
4547
5465
5466
1601
1606
3928
3930
4108
4116
1609
2047
3931
3933
4122
5461
3922
3933
5608
5610
620
658
5609
5610
621
659
622
660
623
661
624
662
625
663
626
664
627
665
628
666
629
667
630
668
631
669
632
670
633
671
634
672
635
673
636
674
637
675
676
639
677
640
678
641
679
642
680
643
681
644
682
645
683
646
684
647
685
648
686
649
687
650
688
651
689
5170
5170
5172
2660
2662
3925
5172
1703
2662
3934
3936
1604
1611
2056
4552
4553
1607
1615
3937
3939
2062
3931
5173
5175
658
696
5174
5175
5608
5609
659
697
5613
660
698
5184
661
699
5187
662
700
5190
663
701
5193
664
702
5196
665
703
5199
666
704
5202
667
705
5616
668
706
669
707
670
708
671
709
672
710
673
711
674
712
675
713
676
714
715
678
716
679
717
680
718
681
719
682
720
683
721
684
722
685
723
686
724
687
725
688
726
689
727
690
728
5176
5170
5176
5178
1710
2660
4225
4226
5178
1610
1712
2063
4555
4556
1613
1620
5179
5181
1716
2060
3940
3942
5370
5671
3942
5173
5689
5691
697
736
5211
5611
5690
5691
5611
5613
5182
5184
5613
5184
5185
5187
5187
5188
5190
5190
5191
5193
5193
5194
5196
5196
5197
5199
5199
5200
5202
5202
5614
5616
707
746
5615
5616
5694
708
747
709
748
710
749
711
750
712
751
713
752
714
753
715
754
755
717
756
718
757
719
758
720
759
721
760
722
761
723
762
724
763
725
764
726
765
727
766
728
767
729
768
5203
5176
5203
5205
1710
1717
4234
4235
5205
1616
1719
3943
3945
1618
1623
2666
2668
2725
4135
1714
1725
5617
5619
3940
3948
5206
5208
736
775
5207
5208
5209
5689
5690
5209
5211
3949
3951
5211
5611
2071
3951
5182
5477
5478
1728
2071
4247
4248
5185
1728
1731
4253
4254
5188
1731
1734
4259
4260
5191
1734
1737
4265
4266
5194
1737
1740
4271
4272
5197
1740
2074
5200
5483
5484
2074
3954
5614
5678
5679
3954
5692
5694
748
787
5693
5694
749
788
750
789
751
790
752
791
753
792
754
793
755
794
795
757
796
758
797
759
798
760
799
761
800
762
801
763
802
764
803
765
804
766
805
767
806
768
807
769
808
5212
5203
5212
5214
1717
3955
3957
5214
1621
3957
5215
5217
1723
2077
5620
5622
3946
3960
5695
5697
775
814
5206
5207
5696
5697
776
815
3961
3961
3963
5209
3949
3963
5623
5625
1743
2069
2080
5492
5493
1624
1726
1746
4283
4284
1625
1729
5218
5220
1626
1732
5221
5223
1627
1735
5224
5226
1628
1738
5227
5229
1629
2072
2083
4562
4563
1630
3952
3964
3966
1761
3967
3969
5658
5692
788
820
3968
3969
789
821
790
822
791
823
792
824
793
825
794
826
795
827
828
797
829
798
830
799
831
800
832
801
833
802
834
803
835
804
836
805
837
806
838
807
839
808
840
809
841
5230
5212
5230
5232
3955
3970
3972
5232
2075
2086
3972
5495
5496
2086
3958
3975
5681
5682
3975
5695
5698
5700
815
847
5238
5699
5700
816
848
3976
3961
3976
3978
1741
3978
3979
3981
1759
3865
3867
6052
1781
3967
3982
3984
4305
821
860
3983
3984
822
861
823
862
824
863
825
864
826
865
827
866
828
867
868
830
869
831
870
832
871
833
872
834
873
835
874
836
875
837
876
838
877
839
878
840
879
841
880
842
881
5233
5230
5233
5235
1782
3970
4309
4310
5235
1784
2084
2674
2676
1647
3973
3985
3987
1787
3990
5667
5684
5685
5698
3990
5236
5238
849
888
5237
5238
5701
5709
3976
5701
5703
1762
3991
5659
5686
5687
5703
1631
3993
5239
5241
1633
2094
3994
3996
1635
1790
3997
3999
5320
1637
1793
4000
4002
5326
1639
1796
4003
4005
5332
1641
1799
4006
4008
5338
1643
1802
5242
5244
1779
2097
5626
5628
3982
4011
5704
5706
861
900
5705
5706
862
901
863
902
864
903
865
904
866
905
867
906
868
907
908
870
909
871
910
872
911
873
912
874
913
875
914
876
915
877
916
878
917
879
918
880
919
881
920
882
921
5245
5233
5245
5247
1782
1803
4333
4334
5247
1645
1805
4012
4014
1649
1785
4015
4017
1651
3988
4018
4020
1813
4021
4023
5236
4023
5707
5709
890
928
5629
5701
5702
5708
5709
3991
5629
5631
2092
5248
5250
5631
1788
5250
5251
5253
1791
5253
5254
5256
1794
5256
5257
5259
1797
5259
5260
5262
1800
5262
5263
5265
2095
5265
5266
5268
4009
5268
5632
5634
900
938
5633
5634
5704
5705
901
939
902
940
903
941
904
942
905
943
906
944
907
945
908
946
947
910
948
911
949
912
950
913
951
914
952
915
953
916
954
917
955
918
956
919
957
920
958
921
959
922
960
5269
5245
5269
5271
1803
2677
5271
5554
5555
1648
2679
2680
5557
5558
1655
1811
4024
4026
1657
4021
5635
5637
2102
5272
5274
5707
929
967
5273
5274
5640
930
968
5629
5630
931
969
5248
5249
932
970
5251
5252
933
971
5254
5255
934
972
5257
5258
935
973
5260
5261
936
974
5263
5264
937
975
5266
5267
938
976
5632
5633
939
977
940
978
941
979
942
980
943
981
944
982
945
983
946
984
947
985
986
949
987
950
988
951
989
952
990
953
991
954
992
955
993
956
994
957
995
958
996
959
997
960
998
961
999
962
1000
4027
5269
5270
2677
4027
4029
1652
4029
5275
5277
1654
1820
2683
5050
5051
1660
2100
4032
4155
5585
5586
1663
4033
4035
5272
5343
4035
5638
5640
969
1007
5639
5640
970
1008
971
1009
972
1010
973
1011
974
1012
975
1013
976
1014
977
1015
978
1016
979
1017
980
1018
981
1019
982
1020
983
1021
984
1022
985
1023
986
1024
1025
988
1026
989
1027
990
1028
991
1029
992
1030
993
1031
994
1032
995
1033
996
1034
997
1035
998
1036
999
1037
1000
1038
1001
1039
5278
4027
5278
5280
1818
4036
5280
5587
5588
1658
4038
4039
5590
5591
1661
1667
4042
4044
1669
4033
5281
5283
2109
4045
4047
5638
1008
1046
4046
4047
1009
1047
1010
1048
1011
1049
1012
1050
1013
1051
1014
1052
1015
1053
1016
1054
1017
1055
1018
1056
1019
1057
1020
1058
1021
1059
1022
1060
1023
1061
1024
1062
1025
1063
1064
1027
1065
1028
1066
1029
1067
1030
1068
1031
1069
1032
1070
1033
1071
1034
1072
1035
1073
1036
1074
1037
1075
1038
1076
1039
1077
1040
1078
1041
1079
4048
5278
5279
4036
4048
4050
1664
4050
5641
5643
1666
1829
5284
5286
1674
2107
2688
4170
5561
5562
1677
4045
4051
4053
5352
1047
1086
4052
4053
1048
1087
1049
1088
1050
1089
1051
1090
1052
1091
1053
1092
1054
1093
1055
1094
1056
1095
1057
1096
1058
1097
1059
1098
1060
1099
1061
1100
1062
1101
1063
1102
1064
1103
1104
1066
1105
1067
1106
1068
1107
1069
1108
1070
1109
1071
1110
1072
1111
1073
1112
1074
1113
1075
1114
1076
1115
1077
1116
1078
1117
1079
1118
1080
1119
5644
4048
5644
5646
1827
4054
4056
5646
1670
4056
5287
5289
1672
1836
4057
4059
1675
1680
2115
2762
4586
4587
1683
4051
4060
4062
4188
1087
1126
4061
4062
1088
1127
1089
1128
1090
1129
1091
1130
1092
1131
1093
1132
1094
1133
1095
1134
1096
1135
1097
1136
1098
1137
1099
1138
1100
1139
1101
1140
1102
1141
1103
1142
1104
1143
1144
1106
1145
1107
1146
1108
1147
1109
1148
1110
1149
1111
1150
1112
1151
1113
1152
1114
1153
1115
1154
1116
1155
1117
1156
1118
1157
1119
1158
1120
1159
1121
1160
5290
5644
5645
4054
5290
5292
1834
4063
5292
5593
5594
5668
1678
4065
4066
4068
1681
1844
4069
4071
4180
1847
4060
4072
4074
5412
1127
1166
4073
4074
1128
1167
1129
1168
1130
1169
1131
1170
1132
1171
1133
1172
1134
1173
1135
1174
1136
1175
1137
1176
1138
1177
1139
1178
1140
1179
1141
1180
1142
1181
1143
1182
1144
1183
1184
1146
1185
1147
1186
1148
1187
1149
1188
1150
1189
1151
1190
1152
1191
1153
1192
1154
1193
1155
1194
1156
1195
1157
1196
1158
1197
1159
1198
1160
1199
1161
1200
1162
1201
5290
5291
5293
4063
5293
5295
1842
4075
4077
5295
5401
1845
4077
4078
4080
5407
1166
1205
4072
4073
4079
4080
1167
1206
1168
1207
1169
1208
1170
1209
1171
1210
1172
1211
1173
1212
1174
1213
1175
1214
1176
1215
1177
1216
1178
1217
1179
1218
1180
1219
1181
1220
1182
1221
1183
1222
1184
1223
1224
1186
1225
1187
1226
1188
1227
1189
1228
1190
1229
1191
1230
1192
1231
1193
1232
1194
1233
1195
1234
1196
1235
1197
1236
1198
1237
1199
1238
1200
1239
1201
1240
1202
1241
1203
1242
5293
5294
1204
1243
4075
4076
1205
1244
4078
4079
1206
1245
1207
1246
1208
1247
1209
1248
1210
1249
1211
1250
1212
1251
1213
1252
1214
1253
1215
1254
1216
1255
1217
1256
1218
1257
1219
1258
1220
1259
1221
1260
1222
1261
1223
1262
1224
1263
1264
1226
1265
1227
1266
1228
1267
1229
1268
1230
1269
1231
1270
1232
1271
1233
1272
1234
1273
1235
1274
1236
1275
1237
1276
1238
1277
1239
1278
1240
1279
1241
1280
1242
1281
1243
1282
1244
1283
1245
1284
1246
1285
1247
1286
1248
1287
1249
1288
1250
1289
1251
1290
1252
1291
1253
1292
1254
1293
1255
1294
1256
1295
1257
1296
1258
1297
1259
1298
1260
1299
1261
1300
1262
1301
1263
1302
1264
1303
1304
1266
1305
1267
1306
1268
1307
1269
1308
1270
1309
1271
1310
1272
1311
1273
1312
1274
1313
1275
1314
1276
1315
1277
1316
1278
1317
1279
1318
1280
1319
1281
1320
1282
1321
1283
1322
1284
1323
1285
1324
1286
1325
1287
1326
1288
1327
1289
1328
1290
1329
1291
1330
1292
1331
1293
1332
1294
1333
1295
1334
1296
1335
1297
1336
1298
1337
1299
1338
1300
1339
1301
1340
1302
1341
1303
1342
1304
1343
1344
1306
1345
1307
1346
1308
1347
1309
1348
1310
1349
1311
1350
1312
1351
1313
1352
1314
1353
1315
1354
1316
1355
1317
1356
1318
1357
1319
1358
1320
1359
1321
1360
1322
1361
1323
1362
1324
1363
1325
1364
1326
1365
1327
1366
1328
1367
1329
1368
1330
1369
1331
1370
1332
1371
1333
1372
1334
1373
1335
1374
1336
1375
1337
1376
1338
1377
1339
1378
1340
1379
1341
1380
1342
1381
1343
1382
1344
1383
1384
1346
1385
1347
1386
1348
1387
1349
1388
1350
1389
1351
1390
1352
1391
1353
1392
1354
1393
1355
1394
1356
1395
1357
1396
1358
1397
1359
1398
1360
1399
1361
1400
1362
1401
1363
1402
1364
1403
1365
1404
1366
1405
1367
1406
1368
1407
1369
1408
1370
1409
1371
1410
1372
1411
1373
1412
1374
1413
1375
1414
1376
1415
1377
1416
1378
1417
1379
1418
1380
1419
1381
1420
1382
1421
1383
1422
1384
1423
1424
1386
1425
1387
1426
1388
1427
1389
1428
1390
1429
1391
1430
1392
1431
1393
1432
1394
1433
1395
1434
1396
1435
1397
1436
1398
1437
1399
1438
1400
1439
1401
1440
1402
1441
1403
1442
1404
1443
1405
1444
1406
1445
1407
1446
1408
1447
1409
1448
1410
1449
1411
1450
1412
1451
1413
1452
1414
1453
1415
1454
1416
1455
1417
1456
1418
1457
1419
1458
1420
1459
1421
1460
1422
1461
1423
1462
1424
1463
1464
1426
1465
1427
1466
1428
1467
1429
1468
1430
1469
1431
1470
1432
1471
1433
1472
1434
1473
1435
1474
1436
1475
1437
1476
1438
1477
1439
1478
1440
1479
1441
1480
1442
1481
1443
1482
1444
1483
1445
1484
1446
1485
1447
1486
1448
1487
1449
1488
1450
1489
1451
1490
1452
1491
1453
1492
1454
1493
1455
1494
1456
1495
1457
1496
1458
1497
1459
1498
1460
1499
1461
1500
1462
1501
1463
1502
1464
1503
1504
1466
1505
1467
1506
1468
1507
1469
1508
1470
1509
1471
1510
1472
1511
1473
1512
1474
1513
1475
1514
1476
1515
1477
1516
1478
1517
1479
1518
1480
1519
1481
1520
1482
1521
1483
1522
1484
1523
1485
1524
1486
1525
1487
1526
1488
1527
1489
1528
1490
1529
1491
1530
1492
1531
1493
1532
1494
1533
1495
1534
1496
1535
1497
1536
1498
1537
1499
1538
1500
1539
1501
1540
1502
1541
1503
1542
1504
1543
1544
1506
1545
1507
1546
1508
1547
1509
1548
1510
1549
1511
1550
1512
1551
1513
1552
1514
1553
1515
1554
1516
1555
1517
1556
1518
1557
1519
1558
1520
1559
1521
1560
1522
1561
1523
1562
1524
1563
1525
1564
1526
1565
1527
1566
1528
1567
1529
1568
1530
1569
1531
1570
1532
1571
1533
1572
1534
1573
1535
1574
1536
1575
1537
1576
1538
1577
1539
1578
1540
1579
1541
1580
1542
1581
1543
1582
1544
1583
1584
1546
1547
1548
1549
1550
1551
1552
1553
1554
1555
1556
1557
1558
1559
1560
1561
1562
1563
1564
1565
1566
1567
1568
1569
1570
1571
1572
1573
1574
1575
1576
1577
1578
1579
1580
1581
1582
1583
1584
1691
4081
4083
1588
1594
2692
2694
1685
4084
4086
2122
2692
4591
4592
1597
3901
4087
4089
1688
4090
4092
1697
4093
4095
1691
2125
2654
4594
4595
1595
1603
4096
4098
4099
4101
2695
4096
5563
5564
2049
3910
5296
5298
4102
4104
3914
4107
5597
5598
1697
5299
5301
1601
1606
2701
2703
4108
4110
1609
2047
2704
2706
2143
3220
3221
4098
1704
2709
5054
5055
1607
1615
4111
4113
4114
4116
4111
4117
5599
5600
2062
3931
5302
5304
4120
4122
2661
2713
5570
5571
1704
4123
4125
1613
1620
4616
4617
4618
4619
4126
4128
1716
2060
4129
4131
2156
4113
4622
4623
1711
4132
4134
1618
1623
2715
2716
4135
4137
1714
1725
2160
5509
5510
2719
5057
5058
1718
2720
2722
1723
2077
2165
5513
5514
2723
2725
2070
2170
4639
4640
1727
5305
5307
1730
5308
5310
1733
5311
5313
1736
5314
5316
1739
1941
4474
4475
2073
2175
5515
5516
1763
2178
5518
5519
1633
2094
2183
4649
4650
1950
4489
4490
1635
1790
5317
5319
5320
5322
1637
1793
5323
5325
5326
5328
1639
1796
5329
5331
5332
5334
1641
1799
5335
5337
5338
5340
1643
1802
1987
4493
4494
2184
4657
4658
1779
2097
2189
5522
5523
1783
4138
4140
1649
1785
2732
2734
2085
2194
5524
5525
1804
2199
4670
4671
2735
2736
1655
1811
2737
5062
5063
1786
2203
5528
5529
2678
4141
4143
1654
1820
4144
4146
2209
4679
4680
4682
4683
4684
4685
1660
2100
2214
4153
4687
4688
1812
4147
4149
1819
4691
4692
5533
5534
1661
1667
4150
4152
4153
4155
4044
4150
4156
4158
1669
4033
4159
4161
2101
5341
5343
4037
4162
4164
1666
1829
5344
5346
2745
2747
2748
2750
1674
2107
5347
5349
2751
2753
1828
2754
2756
1672
1836
2239
2759
4709
4710
2757
2759
1675
1680
4165
4167
4168
4170
4165
4171
4173
1683
4051
4174
4176
2108
5350
5352
1835
4718
4719
5539
5540
1681
1844
4177
4179
2760
2762
4180
4182
1847
4060
4183
4185
4186
4188
3890
4189
4191
1687
4084
4192
4194
3884
5353
5355
3900
4195
4197
3892
5356
5358
3887
5165
5166
5356
5357
3896
5359
5361
4083
4198
4200
3890
4201
4203
1855
2769
2771
6242
1854
4091
4204
4206
2766
4090
4207
4209
3905
5647
5649
4095
4210
4212
5299
3896
5650
5652
1870
2135
4213
4215
1856
2772
2774
6768
1872
2142
4742
4743
4744
4745
1863
2141
2775
2777
3926
5362
5364
5365
5367
3914
4216
4218
1887
1888
2781
2783
1892
2784
2786
6866
1891
2155
2787
2789
1878
2154
4219
4221
4223
4224
5177
1719
4134
4222
4224
2661
4225
4227
1900
1901
2790
2792
4228
4230
3940
3948
4228
4229
5369
5370
5368
5370
4232
4233
5204
3957
4231
4233
3943
4234
4236
2722
4236
4237
4239
1903
2721
2795
4461
5072
5073
1893
2796
2798
6766
4240
4242
3946
3960
5653
5655
4243
4245
2070
4246
4248
1729
4249
4251
5305
4249
4250
5186
4252
4254
5220
1732
4255
4257
5308
4255
4256
5189
4258
4260
5223
1735
4261
4263
5311
4261
4262
5192
4264
4266
5226
1738
4267
4269
5314
4267
4268
5195
4270
4272
5229
2072
4273
4275
4273
4274
5198
3962
4276
4278
1764
3868
3870
6046
3950
4279
4281
1910
2172
4282
4284
4470
1909
1914
2802
2804
2961
1913
2802
2803
4246
5422
1915
1917
2805
2807
2981
1916
1921
2287
2289
2976
1920
4252
5371
5373
1922
1924
2290
2292
2993
1923
1928
2293
2295
2988
1927
4258
5374
5376
1929
1931
2296
2298
3005
1930
1935
2299
2301
3000
1934
4264
5377
5379
1936
1938
2808
2810
3020
1937
1942
2811
2813
3015
1941
4270
5380
5382
3871
3873
6677
1781
3967
4285
4287
3953
5656
5658
3977
5659
5661
3993
4288
4290
3874
3876
6675
2180
2307
2820
2822
1948
2179
2310
3372
3373
4485
1949
1952
4291
4293
1951
1956
2823
2825
1957
1960
2826
2828
1959
1964
2829
2831
1965
1968
2832
2834
1967
1972
2835
2837
1973
1976
2838
2840
1975
1980
2841
2843
1981
1984
2844
2846
1983
1988
2847
2849
1989
2186
4294
4296
1990
2185
4297
4299
4300
4302
3982
4011
5662
5664
4303
4305
4307
4308
5234
1805
4140
4306
4308
3971
4309
4311
2732
2850
2852
4017
3988
4312
4314
3974
5665
5667
1789
2093
3994
3995
1791
4316
4317
5253
4315
4317
5319
1792
3997
3998
1794
4319
4320
5256
4318
4320
5325
1795
4000
4001
1797
4322
4323
5259
4321
4323
5331
1798
4003
4004
1800
4325
4326
5262
4324
4326
5337
1801
4006
4007
2095
4328
4329
5265
4327
4329
4331
4332
5246
2679
4330
4332
4012
4333
4335
2199
4335
4336
4338
1999
2198
2335
3098
4799
4800
1992
2853
2855
6338
2000
2202
4339
4341
2201
2330
4342
4344
5383
5385
4021
5386
5388
3989
4019
4020
5386
5387
2008
2009
2859
2860
2010
2013
4345
4347
2012
4148
4348
4350
2856
4147
5389
5391
4028
4352
4353
5275
5276
4038
4351
4353
5392
5394
2219
2866
4354
4356
2016
2218
4357
4359
2011
2018
4360
4362
2022
2024
2868
2870
2026
2752
2872
5095
5096
2224
2751
4363
4365
4049
5396
5397
5641
5642
4056
5395
5397
4366
4368
5284
5346
2756
4368
5398
5400
2030
2755
4369
4371
2023
2029
4372
4374
2025
2032
2875
2876
4055
5668
5670
4065
4375
4377
4057
4378
4380
2248
2361
4381
4383
2036
2247
2877
2879
2039
2880
2882
5804
2038
4187
4384
4386
2243
4186
4387
4389
4064
5401
5403
1845
4077
5404
5406
4179
4390
4392
5407
5409
4072
4080
5407
5408
5411
5412
5410
5412
1850
2041
2883
2885
2040
2255
4393
4395
1852
6769
2042
2254
2886
2888
2041
2889
2891
2046
4089
4396
4398
4088
4399
4401
2892
2894
6243
1860
4402
4404
1859
2652
4405
4407
2651
4210
5413
5415
1862
4838
4839
4840
4841
2895
6767
2257
2653
4408
4410
2652
2898
5102
5103
1865
2900
2901
1866
2697
2904
5105
5106
2141
4411
4413
2044
2399
4852
4853
1870
2135
2906
2909
5107
5108
2134
4106
4414
4416
1876
4105
4417
4419
2909
2911
2055
2706
4420
4422
2705
2914
5111
5112
1875
2051
4423
4425
2050
2778
4426
4428
1877
2917
2918
2052
2412
4864
4865
2051
2919
2921
1880
4429
4431
1881
4119
4432
4434
2154
2925
2927
4429
2053
2425
4876
4877
1887
1888
4435
4437
1886
2712
4438
4440
1897
2711
2931
5114
5115
2780
3936
4123
4124
5417
5418
3935
5416
5418
2783
2932
2934
4435
2935
2936
1892
2938
6865
2665
4131
5419
5421
4130
4441
4443
4444
4446
2942
2944
6765
1896
2064
2436
2945
4879
4880
2063
4222
4447
4449
1898
2945
2947
2065
4883
4884
4885
4886
2064
2948
2950
2068
2162
4450
4452
2161
4453
4455
2161
2790
2952
5116
5117
2160
2663
4456
4458
2164
4459
4461
2066
2163
2955
2957
1908
2079
2459
3591
3592
4465
2078
2284
2958
2960
1910
2172
4462
4464
2171
4465
4467
1912
2961
2963
4468
4470
1915
1917
2964
2966
1914
2967
2969
4251
5422
5424
2969
2970
2972
2964
2973
2975
1919
2976
2978
2979
2981
1922
1924
2982
2984
1921
2985
2987
4257
5425
5427
2477
2479
2987
2480
2482
2982
1926
2988
2990
2991
2993
1929
1931
2994
2996
1928
2997
2999
4263
5428
5430
2487
2489
2999
2490
2492
2994
1933
3000
3002
3003
3005
1936
1938
3006
3008
1935
3009
3011
4269
5431
5433
2497
2499
3011
3006
3012
3014
1940
3015
3017
3018
3020
1943
1945
4471
4473
1942
3021
3023
3025
3026
4275
5382
3023
3024
3026
2081
4471
4474
4476
1947
2082
4477
4479
2081
4480
4482
2177
2304
3027
3029
2176
2513
3691
3692
4479
2182
4483
4485
2181
4486
4488
1955
3031
3032
3996
5436
1954
2825
3030
3032
2181
4291
4489
4491
1957
1960
3033
3035
3044
1956
3036
3038
3039
4315
5434
5436
3039
3041
3042
3044
1963
3999
5437
5439
1962
2525
2527
2831
2826
3045
3047
1965
1968
2528
2530
3053
1964
2531
2533
3048
4318
5440
5442
3048
3050
3051
3053
1971
4002
5443
5445
1970
2536
2538
2837
2539
2541
2832
1973
1976
2542
2544
3059
1972
2545
2547
3054
4321
5446
5448
3054
3056
3057
3059
1979
4005
5449
5451
1978
2550
2552
2843
2553
2555
2838
1981
1984
3060
3062
3068
1980
2556
2558
3063
4324
5452
5454
3063
3065
3066
3068
1987
4008
5455
5457
1986
2849
3069
3071
2844
3072
3074
1989
2186
4492
4494
4497
1988
3075
3077
3078
3075
3076
4327
5455
3078
3080
4495
4497
2188
2565
3745
3746
4297
2089
2187
3081
3083
3084
3086
6337
1996
2675
3087
4501
5131
5132
2674
4306
4498
4500
2196
2332
3090
3092
2195
4501
4503
1999
2198
3093
3095
2006
2197
4958
4959
4960
4961
3096
3098
2002
3099
3101
2203
2858
4504
4506
2202
3101
3104
5138
5139
2008
2009
3106
3108
3112
4512
2007
4142
5458
5460
2864
4141
4145
4146
5458
5459
2682
3109
5140
5141
2681
4507
4509
4510
4512
3112
3114
3115
5712
2216
4513
4515
2215
3117
3119
3120
3122
6427
2016
2218
3123
3125
2020
2217
2603
4979
4980
3126
3127
2019
2226
2606
4985
4986
2216
3129
3131
4362
4030
4516
4518
4041
4519
4521
2228
4040
4522
4524
2227
2870
3137
5144
5145
3138
3140
5713
2227
4525
4527
2236
3141
3143
2235
5003
5004
5005
5006
2030
2755
3145
5146
5147
2359
2754
4528
4530
3148
6430
5012
5013
5014
5015
2033
2245
2633
5018
5019
2236
4531
4533
2686
3150
5149
5150
2036
2247
3153
3155
2246
2368
3156
3158
5714
2691
4185
4534
4536
4184
4537
4539
3159
3161
5805
3163
3164
4203
4395
2883
2891
3162
3164
4189
4540
4542
2127
3166
6779
2697
4543
4545
2046
2696
4103
4543
4544
3908
3909
4102
4398
5461
5463
2049
3922
3933
5461
5462
3920
3921
5298
4218
5464
5466
2921
3168
3170
4423
4105
4546
4548
4119
4549
4551
4118
4121
4549
4550
5468
5469
4120
5467
5469
2273
3172
3173
4125
4752
2272
3171
3173
6772
2274
2707
4552
4554
2276
2278
3174
3175
5671
5673
2062
3942
5173
5671
5672
3938
3939
5304
3178
3179
4227
4449
2950
3177
3179
2711
4555
4557
4242
5470
5472
4241
4244
5470
5471
5474
5475
4243
5473
5475
3950
5476
5478
5479
5481
5183
5479
5480
5482
5484
3952
5485
5487
5201
5485
5486
2076
3956
5215
5216
2086
3958
5489
5490
5488
5490
4281
5491
5493
2171
4558
4560
2170
4558
4559
5476
4482
4561
4563
2176
4477
4564
4566
2175
4564
4565
5482
3971
5494
5496
3973
5497
5499
5497
5498
2819
2822
3180
3182
2311
2821
3183
3185
4302
4567
4569
4301
4304
4567
4568
4571
4572
2302
4303
4570
4572
2093
3992
5239
5240
5250
5501
5502
5500
5502
2096
5242
5243
4009
5268
5504
5505
5503
5505
2339
4343
4573
4575
2850
4016
4017
4342
4573
4574
4576
4578
2102
4576
4577
5272
5341
4022
5636
5637
2232
2352
6347
2233
2355
3189
3191
2106
2354
3189
3190
4364
4807
4043
4044
4156
4363
4579
4581
5347
2109
4045
4579
4580
5350
4034
5282
5283
4057
4058
4380
4383
4583
4584
2364
4382
4582
4584
3192
3194
6351
2251
2367
4585
4587
2115
2366
4388
4585
4586
4171
4387
3195
3197
6150
2371
4394
4588
4590
4082
4083
4198
4393
4588
4589
2124
2374
3199
6778
2888
3202
3203
4084
4085
4194
2377
2887
3201
3203
2123
3909
4398
2379
4397
4592
4593
2378
4591
4593
2126
4200
4410
2389
4409
4595
4596
4845
2388
4594
4596
2400
3209
3211
6153
2399
3907
4597
4599
2136
2908
3212
3214
2907
3212
3213
4418
4601
4602
2144
4417
4600
4602
2134
3918
4212
5299
5300
3917
4416
4604
4605
4215
4603
4605
2402
6147
2140
3215
6148
2139
3930
4108
4109
4422
2404
3217
3218
4421
4857
2403
3216
3218
2777
3219
3221
4411
2705
4606
4608
2704
3919
4606
4607
2414
3222
3224
2413
3225
6144
2426
3228
3230
6149
2425
3928
4609
4611
2430
3231
6143
2429
2930
4612
4614
2157
2929
3233
3235
2431
4128
4615
4617
3236
3238
6146
2432
2717
4618
4620
4221
4621
4623
4130
5506
5508
3937
4129
5506
5507
2443
3239
3240
2668
4135
4136
4452
4625
4626
2449
4451
4624
4626
4230
4458
4628
4629
4455
4627
4629
4243
5509
5511
4242
5512
5514
2721
4459
4630
4632
2720
4630
4631
5488
2453
2956
3246
3248
2666
2955
4633
4635
2458
2959
3249
3251
2799
2958
3252
3254
4637
4638
5481
4467
4636
4638
4462
4639
4641
2816
3029
3255
3257
2514
3028
3258
3260
4643
4644
5487
4642
4644
3964
5515
5517
2183
4646
4647
5241
2182
4645
4647
4288
5518
5520
4488
4648
4650
4483
4651
4653
4651
4652
5500
2189
4655
4656
5244
2188
4299
4654
4656
4294
4657
4659
4302
5521
5523
4660
4662
4660
4661
5503
2564
3082
3261
3263
2671
3081
3264
3266
2852
3092
4663
4665
2574
3091
3267
3269
2676
4667
4668
5499
2675
4503
4666
4668
3985
5524
5526
2682
4669
4671
3093
3271
3273
3271
3272
4330
4336
2204
2577
3275
3276
4314
5527
5529
4339
4672
4674
4018
4504
4672
4673
3111
3277
3279
2587
3110
4675
4677
2586
3281
6342
2589
2685
4678
4680
2591
3282
3284
5716
2590
3282
3283
4144
4966
2592
2739
4681
4683
3285
3287
6344
2593
4024
4684
4686
2595
2597
3289
3290
4149
4578
5531
5532
4148
5530
5532
4513
4687
4689
4041
4690
4692
3123
3291
3293
4359
4351
5533
5535
2602
3294
6345
2230
2601
3295
3297
2606
4158
4693
4695
2605
3298
3300
5719
4161
5536
5538
4031
4160
4697
4698
5536
5537
4030
4696
4698
4525
4699
4701
2229
4163
4522
4699
4700
4162
4366
5345
5346
4521
4702
4704
3136
3304
3305
4520
4702
4703
3135
3303
3305
3306
6348
2753
4581
4706
4707
5347
5348
2752
4705
4707
3141
3307
3309
4533
2240
2626
4708
4710
2239
2625
4529
4708
4709
5008
4378
4528
3311
5722
2633
4173
4711
4713
2632
3313
3315
5723
2244
4171
4172
4176
4387
2687
4175
4715
4716
2686
4714
4716
4068
4717
4719
4720
4722
4375
5539
5541
2642
3157
3324
3326
3156
3324
3325
4178
4179
4390
2645
3328
5725
2253
2768
4192
4193
5355
4190
4724
4725
5354
4189
4723
4725
4203
4726
4728
2257
4202
4726
4727
5360
4199
4200
4410
5359
2380
4206
4729
4731
2649
4205
4732
4734
3333
3335
6165
2263
2658
4735
4737
2657
4214
4215
4603
4735
4736
2265
3336
3337
2383
2659
4738
4740
2658
3338
3340
2269
2405
3342
3343
2271
4608
4741
4743
2270
3345
3347
6902
2912
4744
4746
3349
6252
3219
4747
4749
3352
6788
2932
4750
4752
2408
3354
3355
2789
2941
4753
4755
2788
3357
3359
2418
3362
3364
6874
2788
4756
4758
2787
4220
4221
4621
4756
4757
2954
3366
6162
2435
3945
4759
4761
2794
3944
4762
4764
2793
3370
6784
4281
4765
4767
4277
4280
4765
4766
4769
4770
2305
4276
4768
4770
2288
2479
5373
2289
2806
5372
2473
2805
3626
2291
2295
2484
3639
2292
2294
5222
2480
5221
2294
2489
5376
2295
5375
2483
3638
2297
2301
2494
3651
2298
2300
5225
2490
5224
2300
2499
5379
2301
5378
2493
3650
4287
4771
4773
3965
4286
4771
4772
4775
4776
3964
4774
4776
3981
4777
4779
3980
4289
4777
4778
4781
4782
4288
4780
4782
2312
2519
3371
3373
2311
2821
4783
4785
2820
4645
4783
4784
3374
3375
2516
3376
6542
2314
4491
4786
4788
3030
4789
4791
2316
3047
3385
3387
2525
3388
3390
2318
2541
3391
3393
2536
3394
3396
2320
2555
3397
3399
2550
3400
3402
2322
3074
3403
3405
3069
3409
3411
2328
4659
4792
4794
2327
3412
3414
6685
3415
3417
6079
2329
2567
3418
3420
3421
3423
6712
4654
4795
4797
2563
6547
4314
5542
5544
3986
4313
5542
5543
5546
5547
3985
5545
5547
2338
2581
4798
4800
2335
2337
4337
4798
4799
3271
4336
2337
2570
2853
2854
4014
4948
3425
3426
4013
2580
3424
3426
2341
3428
3430
4339
4340
4344
4674
4802
4803
4343
4801
4803
3431
3433
6448
2348
3435
3437
6360
2345
2347
3435
3436
4355
4804
3291
4354
4358
4359
2589
2685
3438
3440
2684
4804
4806
3442
6359
2351
2611
3443
6362
2596
3445
6361
3129
3446
3448
3135
3451
6363
2623
2874
3453
3455
2873
4807
4809
3456
3458
5833
2357
2613
4372
4373
4993
5286
4370
4811
4812
5285
2627
4369
4810
4812
2360
4378
4379
4528
5289
4376
4814
4815
5288
4375
4813
4815
2364
4382
4816
4818
2878
2879
3318
4381
4816
4817
3463
3464
2647
4386
4819
4821
3466
3467
4385
4819
4820
2645
3465
3467
4068
4822
4824
2370
4067
4822
4823
5405
2689
4391
4392
5404
2373
3468
3469
2883
2884
3164
4395
4826
4827
4394
4825
4827
2378
3473
6797
2377
2887
3475
3477
2886
3162
4828
4830
6169
3478
3480
3478
3479
4400
4832
4833
4399
4831
4833
2387
4407
4834
4836
2383
4094
4406
4834
4835
4093
4403
4404
4740
2386
2390
3481
6791
2387
4407
4837
4839
2896
4840
4842
3486
3488
3489
6790
2897
4843
4845
2896
3491
3493
2396
3495
6900
2395
2903
4846
4848
2397
2902
3497
3499
3221
4098
4411
4412
4850
4851
4097
4849
4851
3500
3502
6271
2401
3503
3505
2400
3506
6901
3508
3509
4545
4599
3507
3509
2902
4852
4854
2908
3511
6166
3514
3516
6895
2913
4855
4857
2912
3517
3519
2411
3520
6159
2410
2708
4858
4860
2707
3522
3524
2410
3170
4423
4424
4428
3526
3527
4427
4860
3525
3527
6160
2416
4548
4862
4863
4869
2415
4861
4863
4417
4864
4866
3531
3533
6883
3168
4867
4869
2419
2927
3534
3536
3537
6245
2420
3539
6167
2927
3540
3542
2926
3540
3541
4433
4871
4872
2423
4432
4870
4872
2427
3543
3545
2426
3547
6168
4551
4611
4874
4875
4873
4875
4432
4876
4878
2429
2934
4435
4436
4440
3549
3550
4439
4614
3548
3550
6154
2939
3553
3555
2452
3556
3557
2438
2440
3558
3560
2435
2437
3558
3559
4133
2943
2944
4132
4761
2437
3179
4449
4448
4880
4881
2439
4879
4881
2440
3562
6156
3563
6155
2445
4557
4882
4884
2444
3564
3566
6871
2929
4885
4887
3569
3571
6880
3177
4888
4890
3572
3574
6890
2449
4451
4891
4893
4450
4454
4455
4627
4891
4892
3575
3577
2954
3579
3581
6888
2718
2953
4894
4896
2717
3582
3584
2455
3585
6785
2957
4459
4460
4632
4898
4899
2956
4897
4899
2793
3586
3588
6882
2461
2468
3589
5911
2460
3590
6539
2960
4560
4901
4902
2959
4900
4902
2465
3591
3593
2467
4641
4903
4905
2466
3594
3596
6681
3597
3599
5914
2468
3600
3602
3603
3605
6686
4636
4906
4908
5913
2470
2804
4909
4911
4282
4912
4914
2472
2975
3614
3616
2970
3621
3623
2474
3624
3626
2805
3627
3629
2476
2482
3630
3632
2477
3633
3635
2478
2482
3633
2479
2481
5426
5425
2481
5310
2482
5309
3632
2484
3636
3638
3639
3641
2486
2492
3642
3644
2487
3645
3647
2488
2492
3645
2489
2491
5429
5428
2491
5313
2492
5312
3644
2494
3648
3650
3651
3653
2496
3014
3654
3656
2497
3657
3659
2498
3014
3657
2499
3013
5432
5431
2501
2813
3660
3662
2808
3667
3669
2503
4476
4915
4917
3024
4918
4920
2507
2515
5918
2510
4566
4921
4923
2509
3678
3680
6084
2511
3681
3683
3684
3686
6683
3687
3689
6057
4561
4924
4926
2515
3690
3692
2514
3028
4927
4929
3027
4642
4927
4928
3693
5909
3694
5919
2519
6543
2522
4653
4930
4932
2521
3695
3697
6060
3698
3700
3701
3703
6544
3704
3706
6055
4648
4933
4935
2524
3038
3707
3709
3033
3714
3716
2526
3047
3388
2527
3046
5438
2531
5437
2529
2533
2535
3720
2530
2532
5324
2539
5323
2532
5442
2533
5441
2534
3719
2535
3717
3719
3720
3722
2537
2541
3394
2538
2540
5444
2545
5443
2540
5328
2541
5327
3393
2543
2547
2549
3726
2544
2546
5330
2553
5329
2546
5448
2547
5447
2548
3725
2549
3723
3725
3726
3728
2551
2555
3400
2552
2554
5450
2556
5449
2554
5334
2555
5333
3399
2557
5454
2558
3061
5453
2559
3060
3731
2560
3729
3731
3060
3732
3734
2562
3077
4936
4938
4492
4939
4941
2567
3743
6548
2566
3744
6549
3083
4662
4943
4944
3082
4942
4944
3745
3747
3089
3748
5726
3088
4139
4945
4947
4138
4948
4950
3089
3750
3752
5818
2574
3091
4951
4953
3090
4502
4503
4666
4951
4952
3753
5727
2579
3273
4954
4956
2578
3754
3756
5819
3111
4957
4959
3759
3761
6433
4669
4960
4962
2581
3762
6355
3763
6356
3102
3767
5823
2592
2739
3769
3771
2738
3103
4963
4965
3102
3772
3774
5824
3775
3777
6357
2588
3775
3776
4508
4675
3106
4507
4511
4512
3779
3780
3108
4966
4968
3782
5731
3784
3785
2863
3786
3788
3119
4513
4514
4689
4970
4971
3118
4969
4971
3790
3792
6437
3118
3795
3797
2861
3117
4972
4974
2603
3293
4975
4977
2602
3798
3800
5827
4521
4978
4980
4981
4983
4690
4975
4981
4982
2608
4518
4984
4986
2607
4987
4989
4693
4696
4987
4988
3804
6457
2609
3806
3808
4518
4990
4992
3130
3810
3811
4517
4990
4991
3129
3809
3811
2614
2746
3813
3815
2745
4993
4995
2616
3816
3817
2747
4525
4526
4701
4997
4998
2746
4996
4998
3818
3820
5831
2622
3309
4999
5001
2621
3822
6366
2623
2874
5002
5004
3824
3826
6462
4705
5005
5007
3828
3829
2630
3147
3830
3832
3146
5008
5010
3834
5738
2629
3835
3837
2630
3147
5011
5013
4369
5014
5016
3842
5737
2635
3152
5017
5019
2634
3843
3845
3843
3844
4711
4714
3846
6466
2639
3847
3848
2641
3849
3851
6463
2640
4169
5020
5022
3307
4168
4532
4533
5020
5021
3152
3852
3854
3151
5023
5025
3856
5838
2644
6368
3158
3320
5026
5028
3157
3857
3859
3861
5740
2764
4538
5029
5031
4537
5032
5034
3877
3879
6875
4208
5035
5037
3899
3900
4195
4207
5035
5036
5415
5549
5550
5652
5548
5550
4408
5359
5548
5549
2655
3166
2656
3165
6179
3167
4081
5039
5040
5301
5038
5040
4093
4738
5038
5039
5171
5552
5553
5551
5553
3926
3934
5551
5552
2664
4230
4456
5179
5180
2665
4229
5369
5180
5181
5368
5421
2667
4633
5472
2668
5471
5474
5473
2670
3182
3876
6676
3181
5923
4569
5041
5043
4568
4571
5041
5042
5045
5046
2814
4570
5044
5046
4311
4500
5048
5049
5047
5049
5047
5048
5494
2678
5270
4029
4143
5555
5556
5554
5556
2681
4143
5556
4142
4509
5558
5559
5557
5559
2684
4356
5394
4355
4806
5051
5052
5050
5052
5560
5562
2688
5351
5560
5561
4579
5350
2690
4069
4070
5409
2691
5408
5411
4070
4071
4536
5410
2693
3199
2694
3198
6178
3200
4099
2696
3921
5298
5297
5564
5565
5563
5565
2699
3214
6174
2700
3213
4601
2710
4600
6864
2702
3215
4110
2703
6804
4114
6803
5463
5567
5568
5566
5568
4120
4420
5566
5567
5053
5055
2709
4427
4858
5053
5054
4426
5365
3224
6175
5569
5571
2713
3935
4438
5569
5570
3934
5551
3232
3234
6904
4137
6799
2723
6798
5056
5058
2719
4457
4894
5056
5057
4456
5179
5060
5061
5217
5059
5061
4231
4237
5059
5060
2724
6173
2725
3245
4634
4633
2727
3253
6086
3252
3868
6047
2729
3257
3873
6678
3256
6714
2731
3265
6088
3264
3865
6053
2733
4665
2734
3270
4664
2735
5742
5743
4015
5744
2738
4506
5385
4505
4965
5063
5064
5062
5064
3278
3280
6474
2742
3295
6372
2743
4704
6425
2744
3304
4703
3303
6426
4995
5066
5067
5286
5065
5067
5065
5066
5344
2749
4152
5746
2750
5747
3306
4042
4161
4365
5573
5574
5572
5574
5281
5572
5573
4530
5289
5576
5577
5575
5577
5395
5398
5575
5576
2758
3310
4059
2759
3312
6375
3311
2761
3327
4167
2762
3329
6376
3328
4071
4180
4181
4536
5069
5070
4535
5068
5070
3880
3882
6469
2767
4195
4196
4207
5358
2768
5165
5357
4196
4197
5164
2770
2894
4731
2771
3331
4730
3330
6917
2773
4404
4740
2774
3341
4739
6817
2776
2901
6196
2777
3348
4748
4747
2779
4218
4426
5365
5366
2780
4217
5363
5362
5366
5367
2782
2936
6813
2783
3351
4751
4750
2785
4446
4755
2786
3360
4754
6191
2788
5508
2789
3359
4756
4441
4753
2791
3366
2792
3365
3368
3367
4453
5071
5073
2795
4238
4762
5071
5072
4237
5059
2797
2944
4761
2798
3369
4760
6810
4767
5074
5076
4766
4769
5074
5075
5078
5079
2817
4768
5077
5079
2803
2972
2804
4283
4282
4911
2806
3627
2807
5219
2973
5218
2809
2813
3667
2810
2812
5228
3012
5227
2812
3026
5382
2813
5381
3662
4773
5080
5082
4772
4775
5080
5081
5084
5085
4774
5083
5085
4779
5086
5088
4778
4781
5086
5087
5090
5091
4780
5089
5091
5093
5094
5520
5092
5094
3180
4780
5092
5093
2824
3041
3382
2825
3381
4790
4789
2827
3387
2828
3386
6564
3042
6563
2830
3050
5938
2831
3389
5939
3388
2833
3393
2834
3392
6580
3051
6579
2836
3056
5954
2837
3395
5955
3394
2839
3399
2840
3398
6596
3057
6595
2842
3065
5970
2843
3401
5971
3400
2845
3405
2846
3404
6606
3066
6605
2848
3080
3407
2849
3406
3410
3409
2851
5544
2852
5543
5546
4665
5545
2854
3086
2855
3425
3424
6378
2857
5383
5384
5388
5389
2858
4019
5387
4018
4506
5384
5385
3114
6382
3434
4510
6381
2862
4345
4346
4350
4972
2863
4025
4349
3788
4024
4346
4347
2865
5277
5392
5393
2866
4352
5276
4351
4356
5393
5394
3439
3441
5853
2869
3450
4527
2870
3449
3452
3451
3454
3457
6486
2873
4365
5574
4364
4809
5096
5097
5095
5097
3143
5763
3459
4531
5764
2878
3462
5765
2879
3461
4720
2881
3161
4821
2882
3466
4820
3465
6493
2884
2885
3471
3470
6819
4542
4830
5099
5100
5098
5100
4723
5098
5099
2890
6193
2891
3474
4829
4828
2893
3480
6918
2894
3479
4832
4831
3486
4402
6189
5101
5103
2898
4409
4843
5101
5102
4408
5548
3490
3492
6912
3494
4413
6822
6821
5104
5106
2904
4097
4846
5104
5105
4096
5563
3496
3498
6920
2907
4416
4605
4415
5108
5109
5107
5109
2910
3511
2911
3510
3513
3512
4213
5110
5112
2914
4421
4855
5110
5111
4420
5566
3515
3518
6923
3521
3523
6281
3528
4425
6184
2919
6185
2920
3530
2921
3529
4868
4867
2923
3542
6915
2924
3541
4871
2928
4870
6241
2926
4113
4623
2927
4112
3536
3540
3545
6240
5113
5115
2931
4439
4612
5113
5114
4438
5569
2933
4125
4750
2934
4124
5417
5416
3551
4437
6187
6815
2938
3554
6909
3553
4444
2940
3553
4128
4444
4445
2941
4127
4442
4441
4445
4446
4755
2943
3560
6180
2944
3559
2946
3562
2947
3561
6809
2948
6808
2949
3568
2950
3567
4889
4888
3580
3583
6910
2953
4458
4629
4457
4896
5117
5118
5116
5118
4635
5120
5121
5472
5119
5121
5119
5120
5512
3254
4767
5123
5124
5122
5124
5122
5123
5491
2962
4911
2963
3609
4910
2967
3608
2965
3616
2966
3615
6552
2979
6551
2968
3618
2969
3617
3622
3621
2971
2975
3621
2972
2974
5423
5422
2974
5307
2975
5306
3616
2977
3626
2978
3625
6558
2985
6557
2980
5928
2981
3628
5929
3627
2983
3632
2984
3631
6560
2991
6559
2986
5934
2987
3634
5935
3633
2989
3638
2990
3637
6574
2997
6573
2992
5944
2993
3640
5945
3639
2995
3644
2996
3643
6576
3003
6575
2998
5950
2999
3646
5951
3645
3001
3650
3002
3649
6590
3009
6589
3004
5960
3005
3652
5961
3651
3007
3656
3008
3655
6592
3018
6591
3010
5966
3011
3658
5967
3657
3013
5316
3014
5315
3656
3016
3662
3017
3661
3666
3021
3665
3019
5976
3020
3668
5977
3667
3022
3675
3023
3674
4919
4918
3025
4476
4918
3026
4475
5126
5127
5517
5125
5127
3255
4774
5125
5126
3031
4491
4789
3032
4490
3036
3034
3038
3714
3035
3037
5318
3045
5317
3037
5436
3038
5435
3709
3040
3709
3041
3708
3713
3712
3043
5926
3044
3715
5927
3714
3046
5322
3047
5321
3387
3049
3719
3050
3718
6570
6569
3052
5940
3053
3721
5941
3720
3055
3725
3056
3724
6586
6585
3058
5956
3059
3727
5957
3726
3061
3732
3062
5336
3072
5335
3064
3731
3065
3730
6602
6601
3067
5972
3068
3733
5973
3732
3070
3074
3409
3071
3073
5456
3075
5455
3073
5340
3074
5339
3405
3076
3077
4493
4492
4938
3079
4938
3080
3738
4937
3737
3266
4569
5129
5130
5128
5130
5128
5129
5521
3085
5750
3086
3749
4949
4948
3088
4500
5049
4499
4947
5132
5133
5131
5133
5135
5136
5526
5134
5136
4663
5134
5135
5545
3094
4956
3095
3758
4955
3096
3757
3097
5752
3098
3764
5753
3763
3100
3766
4341
3101
3765
3768
3767
5137
5139
3104
4505
4963
5137
5138
4504
4672
3770
3773
5849
3107
5460
3108
4145
5459
4144
4968
3110
4509
5559
4508
4677
5141
5142
5140
5142
3113
4968
3114
3783
4967
6383
3116
3788
4347
3787
6479
3118
4350
4974
3119
3795
4971
5530
3121
6386
3122
3794
4973
4345
4972
3124
4977
3125
3802
4976
3126
3801
6385
3803
4357
6384
3132
3806
5802
3130
3446
3811
3131
4154
4153
4687
3133
4992
5801
3134
3810
4991
3809
6482
5143
5145
3137
4523
5143
5144
4522
4699
3139
5760
3140
3812
4994
4372
4993
3142
5001
3143
3823
5000
5762
3831
3833
5858
3146
4530
5577
4529
5010
5147
5148
5146
5148
3837
4374
5761
3853
3855
5863
3151
4170
5562
4169
5025
5150
5151
5149
5151
3154
4722
5028
3155
3860
5027
6494
4824
5153
5154
5152
5154
4717
5026
5152
5153
3160
3864
6495
3161
3863
5033
5032
3163
4542
4828
3164
4541
3166
6932
4594
3197
6838
3169
4548
4867
3170
4547
5465
5464
3172
3356
4554
3173
4553
3352
3176
4758
6207
3357
6930
3362
6206
3178
4557
4888
3179
4556
3181
3185
3182
3184
5089
3184
3375
6092
3185
6720
5092
3187
4575
5809
3188
4016
4574
4015
5808
3190
3458
3191
4043
3306
4042
3193
3310
4059
3194
4058
4583
4582
6401
3196
4590
6208
3197
4082
4589
4081
3199
6931
4591
3208
6250
3202
3206
6837
3203
3205
5098
3205
3879
4086
6876
3206
4085
6836
3208
3210
4100
6306
4099
6251
3210
3509
4599
3211
4598
6934
3213
5109
3214
6828
3216
6832
3217
4110
3218
4109
3514
3220
4608
4747
3221
4607
3223
3225
4866
3224
6906
4600
4861
6202
3227
3229
4115
6301
4114
6246
3229
4611
4875
3230
4610
6929
3232
3550
4614
4613
6925
3234
3240
6905
3235
4613
4612
5113
3237
4620
6203
3238
4616
4619
3552
4615
3241
4887
6825
6824
3564
6826
3243
4137
6926
3244
4136
4625
4624
6204
3247
6927
3247
4635
5121
3248
4634
6827
3250
3254
5124
3251
3253
6716
6607
3253
5076
3254
3256
3260
3257
3259
5083
3259
5910
3260
6725
5125
3262
3266
5130
3263
3265
6728
6608
3265
5043
3266
3268
6497
3269
3270
4664
4663
5134
6496
3272
3273
4670
4669
4956
3276
3761
6434
3279
6472
4957
5766
3278
4677
5142
3279
4676
6473
3281
4676
6498
3775
4675
3283
3782
3284
4679
3778
4678
3286
3789
4686
3287
4682
4685
4681
6394
3290
3792
6438
3797
6499
4969
5770
3292
5535
3293
4691
5534
4690
4977
3297
4983
6395
3296
4704
3297
6475
4978
3299
5771
3300
3302
4694
4693
4987
3302
4152
6439
4151
6500
3304
5769
3305
5143
6399
3308
5349
3309
4706
5348
4705
5001
6440
3312
4710
6501
3314
5773
3315
3317
4712
3843
4711
3317
3327
4167
5814
4166
6502
3319
4720
4721
5541
3320
4718
5540
4717
4721
4722
5028
3322
3326
6444
3323
3325
4178
3880
4177
5816
3325
5154
3326
6402
6442
3329
4587
6503
3331
6958
3332
4733
3877
4732
6276
3334
4737
6224
3335
4214
4736
3512
4213
4737
6951
3338
6225
3339
6950
3340
3341
4739
4738
5038
6949
3344
4746
6862
3517
6295
3345
6863
3346
4746
3347
4742
4745
3349
4741
3350
6335
3350
4749
4748
6963
3353
6315
3353
4752
4751
6943
3356
4554
6844
3522
6843
6885
3358
3361
3359
3360
4754
4753
3361
6955
6896
3363
4758
3364
4220
4757
3537
4219
3366
6221
5116
3368
3574
6262
6945
3370
4763
6937
4762
5071
3372
3376
4785
3373
4784
3698
3376
4785
5985
6731
5984
3378
3380
4787
6742
3383
4786
6694
3380
3703
4293
6693
4292
6741
3382
3384
6116
3712
6695
3384
4791
6696
4790
6744
3386
3390
5998
3387
6626
3389
3390
6628
6627
3392
3396
6014
3393
6642
3395
3396
6644
6643
3398
3402
6030
3399
6658
3401
3402
6660
6659
3404
3411
6040
3405
6668
3407
3408
6128
3737
6703
3410
6705
6756
3410
3411
6704
3413
3417
6727
3414
3416
4793
3421
4792
3416
3740
4296
3417
4295
6726
3419
3423
6136
3420
3422
4298
3745
4297
3422
4797
3423
4796
6764
3425
3762
3426
4798
3430
3433
6449
3429
4575
5883
3430
6511
4801
3432
3766
4341
3433
4340
4802
4801
3777
6405
3436
3442
3437
4358
3803
4357
3439
4806
5052
3440
4805
3779
6481
3442
4805
6516
4804
3809
5787
3445
4361
6520
3790
4360
3447
4362
3448
4361
6413
6412
3450
6522
3818
5832
3452
5145
6415
3454
4809
5097
3455
4808
3828
5861
3457
6487
3458
4808
4807
3851
6464
3461
4818
5841
3462
4817
5840
4818
6533
4582
6532
3466
3861
3467
4585
4590
6329
4825
6957
3471
6858
3472
4826
4825
6897
3480
6859
3476
6960
3476
4830
5100
3477
4829
6959
3479
4593
3480
4842
6850
3483
4842
6893
3484
4838
4841
3485
4837
6265
3488
6264
3487
4836
3488
6914
4837
3490
4596
4845
4844
6948
3492
6913
3493
4844
4843
5101
3500
6899
3496
3502
4848
4847
6961
3498
3505
6921
3499
4847
4846
5104
3501
4413
3502
4412
4850
4849
3504
3506
4854
3505
6860
6292
3507
6861
3508
4854
3509
4853
3511
6226
5107
3513
6894
6227
3515
4857
3516
4856
6952
3518
6924
3519
4856
4855
5110
3521
3527
4860
4859
6939
3523
6280
3524
4859
4858
5053
3526
3528
4425
3527
4424
6884
3530
3532
6313
6215
3532
4863
4869
3533
4868
6941
3535
6228
3536
4430
6229
4429
3538
4431
4430
6953
3542
6857
3541
3542
3544
3547
4878
3545
3546
6916
4870
3547
6954
4873
3549
3551
4437
3550
4436
6886
3555
6887
3554
3555
6220
4615
4620
6846
3582
6845
3559
4881
3560
3563
3562
6840
4879
6839
3565
4887
3566
4883
4886
3569
4882
3568
3570
6308
6254
3570
4890
3571
4889
6936
3573
3578
4893
3574
4454
4892
4453
3576
3578
4893
3577
6947
4624
6946
6849
3580
4896
5118
3581
4895
6944
3583
6911
3584
4895
4894
5056
4897
6214
3587
4461
5073
3588
4460
4898
4897
6938
3590
3593
6609
4900
6610
3592
3602
3593
4901
4900
3595
3599
6718
3596
3598
4904
3603
4903
3598
3611
4464
3599
4463
6717
3601
3605
6102
3602
3604
4466
4465
3604
4908
3605
4907
6730
3607
3609
4910
6737
3612
4909
6064
3609
3618
6063
6736
3611
3613
4469
6107
4468
6061
3613
4914
6062
4913
6735
3615
3623
5986
3616
6614
3618
3620
6112
6065
3620
3623
6738
3622
6740
3622
3623
3625
3629
5992
3626
6620
3628
3629
6618
6617
3631
3635
5994
3632
6622
3634
3635
6624
6623
3637
3641
6008
3638
6636
3640
3641
6634
6633
3643
3647
6010
3644
6638
3646
3647
6640
6639
3649
3653
6024
3650
6652
3652
3653
6650
6649
3655
3659
6026
3656
6654
3658
3659
6656
6655
3661
3664
3669
3662
3663
3664
3666
6750
6121
3666
3675
6071
6749
3668
3669
6666
6665
3671
3673
4916
6752
3676
4915
6700
3673
3686
4473
6699
4472
6751
3675
3677
6126
6074
3677
4920
6702
4919
6754
3679
3683
6762
3680
3682
4922
3687
4921
3682
3692
4479
3683
4478
6761
3685
3689
6096
3686
3688
4481
4480
3688
4926
3689
4925
6724
3691
3694
4929
3692
4928
3694
4929
6670
6042
3696
3700
6733
3697
3699
4931
3704
4930
3699
4485
3700
4484
6732
3702
3706
6094
3703
3705
4487
4486
3705
4935
3706
4934
6722
3708
3711
3716
3709
3710
3711
3713
6747
6118
3713
6697
6746
3715
3716
6616
6615
3718
3722
6004
3719
6632
3721
3722
6630
6629
3724
3728
6020
3725
6648
3727
3728
6646
6645
3730
3734
6036
3731
6664
3733
3734
6662
6661
3736
3738
4937
6760
3741
4936
6083
3738
6709
6759
3740
3742
4496
6130
4495
6080
3742
4941
6081
4940
6758
3744
3747
6671
4942
6672
3746
3747
4943
4942
3749
4947
5133
4946
6504
3751
4953
6506
3752
4502
4952
4501
5131
4953
6505
3755
6509
3756
3758
4955
3759
4954
3758
6447
6508
3760
4962
3761
4958
4961
4957
6403
3764
4800
6507
3766
6404
6452
3768
5139
6513
3770
4965
5064
3771
4964
3784
6477
3773
6512
3774
4964
4963
5137
3776
3777
4511
4510
3780
6407
6478
4678
5779
3782
3783
4967
6515
4966
6514
5781
4681
6409
3787
3789
4686
3788
6410
6453
3791
4515
3792
4514
4970
4969
3794
3797
5829
3796
6519
3796
4974
3797
4973
3799
6518
3800
3802
4976
4975
4981
3802
6455
6517
6411
3805
3808
4989
3807
6521
3807
4992
3808
5856
4984
3810
3811
3814
5896
3814
4995
5067
3815
4994
3816
5897
6525
4996
6417
3819
4527
3820
4526
4997
4996
6416
3822
3823
5000
6530
3824
4999
6529
3825
5007
3826
5003
5006
3827
5002
3829
5794
6489
5002
5793
3831
5010
5148
3832
5009
6526
3834
5009
6528
4708
5008
3836
3838
5016
3837
6484
4810
3839
6418
3840
5016
6461
3841
5012
5015
5011
6527
5011
5792
3844
3845
5018
3846
5017
3848
5796
3854
6492
5017
5795
3850
3856
5022
3851
4532
5021
4531
3853
5025
5151
3854
5024
5864
3856
5024
6531
5023
3858
5907
3859
3860
5027
5026
5152
6535
5797
3863
3882
5031
6471
3864
5030
5843
3866
5043
3867
5042
5045
3871
5044
3869
5076
3870
5075
5078
3874
5077
3872
5082
3873
5081
5084
5083
3875
5088
3876
5087
5090
5089
3878
5037
3879
3899
5036
3898
3881
4182
3882
4181
5069
5068
3884
5156
5163
3885
3886
5353
3887
5166
3888
5159
5579
5580
5607
5578
5580
5156
5161
5578
5579
3893
5356
3894
3903
3896
5603
3897
5361
5650
5159
5605
3899
4086
3900
3902
4087
3903
3912
3905
3906
3915
5649
5603
3908
4545
4597
3909
4544
3911
5296
3912
3924
5168
5582
5583
5581
5583
3916
5581
5582
3917
4107
3918
4106
5647
3920
5463
3921
5462
3923
3924
5610
3926
3927
5364
5168
3929
4551
4609
3930
4550
5468
5467
3932
5302
3933
5175
5608
3935
3936
5418
5362
3938
5673
3939
5672
4117
3941
3942
5208
5689
3944
4239
3945
4238
4764
4132
4759
3947
5617
5618
5653
3948
5206
5697
5618
5619
5210
5625
5675
5676
5674
5676
5612
5674
5675
5677
5679
3954
5656
5677
5678
5692
5615
3956
5213
3957
3972
4233
5215
3959
5620
5621
3960
3975
5695
5621
5622
5655
3962
3963
3978
4278
5210
5623
3965
4776
5515
3966
5657
5656
5677
3968
4285
3969
3984
5693
3971
5231
3972
4309
5496
5680
5682
3975
5665
5680
5681
5698
3977
3978
5661
5703
3979
3980
5661
3981
5660
4276
4777
3983
5662
3984
5706
3986
5524
5547
3987
5666
5665
5680
5683
5685
3990
5236
5683
5684
5699
3992
5702
5631
5687
5688
5686
5688
3995
5502
3996
4316
4315
3998
4317
3999
4319
4318
5439
4001
4320
4002
4322
4321
5445
4004
4323
4005
4325
4324
5451
4007
4326
4008
4328
4327
5457
4010
5626
5627
4011
5634
5704
5627
5628
5664
4013
4338
4014
4337
4138
4016
4017
4019
4020
5683
4022
5386
5637
4023
5707
5237
4025
4684
4026
5390
5383
5389
4028
4029
5280
5275
5584
5586
4032
5342
5584
5585
4576
5341
4034
4159
5283
4035
5638
5273
4037
5279
4050
4164
5588
5589
5587
5589
4040
4164
5589
4163
4524
5591
5592
5590
5592
4043
4044
4046
4047
4053
5639
4049
4050
5646
5641
4052
4174
4053
4062
4055
5645
4056
5292
5670
5287
5397
4058
4059
4061
4183
4062
4074
4064
5291
5295
5403
5594
5595
5593
5595
4067
5403
5595
4068
5402
4719
4822
4070
4392
4071
4073
4074
4076
5294
4077
4078
5406
4079
4080
4082
4083
4085
4086
4088
4092
4089
4091
4401
4102
4396
4091
4209
5358
4092
4204
4094
4095
5414
5413
4097
4098
4851
4100
4101
4598
4597
4103
4104
5297
5296
5596
5598
4107
4414
5596
5597
5581
4109
4110
4112
4434
4113
4433
4115
4116
4610
4609
4118
5304
5303
5600
5601
5599
5601
4121
5469
4122
5303
5302
4124
5367
4125
4127
5181
5421
4128
5420
4617
4130
5673
4131
4443
5506
5368
5419
4133
4134
4448
4447
4136
4137
4139
4950
4140
4499
4945
4498
4142
5277
4143
5458
4145
4146
5392
4148
5388
5391
4149
4348
5532
5635
4151
4695
4152
4694
4154
4155
4517
4516
4157
5538
4158
4697
5537
4695
4696
4160
5343
4161
5342
5536
4163
5643
4164
4166
4713
4167
4712
4169
5349
4170
5020
4172
4173
4715
4713
4714
4175
5352
4176
5351
4186
4178
4182
4179
4181
4182
4184
4188
4185
4187
4539
4534
5410
4187
4389
4188
4384
4190
4540
4725
4191
5162
5161
5578
4193
4197
4194
4724
4723
4196
4197
4199
4728
4200
4727
4202
5580
5607
4203
5606
4726
4205
4209
4206
4208
4734
4399
4729
4208
4209
5035
4211
5413
5652
4212
5648
5651
5647
4214
4215
4217
5583
4218
5466
4220
4431
4221
4223
4227
4447
4224
4226
4234
4226
5553
4227
4229
5619
4230
4232
4236
4233
4235
4235
4236
4239
4238
4239
4241
5622
5655
4242
5654
5470
5514
4244
5475
5509
4245
5654
5617
5653
4247
4251
4248
4250
5479
4250
4254
4251
5424
4253
4257
5371
4254
4256
4256
4260
4257
5427
4259
4263
5374
4260
4262
4262
4266
4263
5430
4265
4269
5377
4266
4268
4268
4272
4269
5433
4271
4275
5380
4272
4274
4274
5484
4275
4277
4770
4278
5624
5623
4280
5625
5676
4281
5624
4765
5493
4283
4912
4284
4639
4286
5658
4287
5657
4303
4771
4289
4782
5518
4290
5660
5659
5686
4292
4788
4293
4787
4486
4295
4794
4296
4793
4495
4298
4299
4796
4795
4301
5628
5664
4302
5663
4567
5523
4304
4572
4305
5663
5662
4307
4311
4498
4308
4310
4333
4310
4311
4313
5667
5685
4314
5666
5529
5542
4316
5434
4317
4319
5440
4320
4322
5446
4323
4325
5452
4326
4328
4329
5242
4331
4335
4332
4334
5554
4334
4335
4338
4337
4338
4340
4341
4343
5544
4344
4573
4803
5527
4346
4347
4349
5391
4350
5390
4352
5533
4353
5587
4355
5535
4356
4358
4359
4361
4515
4362
4364
5538
4365
4367
5643
4368
5396
5642
5395
5400
4370
4812
5014
4371
5399
5398
5575
4373
4374
4811
4810
4376
4815
5539
4377
5669
5593
5668
4379
4380
4814
4813
4382
5541
4383
4584
4816
4813
4385
4389
4386
4388
4537
4819
4388
4389
4391
4824
4392
4823
4394
4728
4395
4588
4827
4397
4401
4398
4400
4400
4833
4401
4403
4836
4404
4835
4406
5415
5550
4407
5414
4834
4839
4409
4410
4412
4413
4415
4419
4416
4418
4418
4602
4864
4419
5596
4421
4422
5467
4424
4425
4427
4428
5464
4430
4431
4433
4872
4876
4434
5599
4436
4437
4439
4440
5416
4442
4443
5420
5419
4445
4446
4448
4449
4451
5511
4452
4626
4891
5473
4454
4455
4457
4458
4460
4461
4463
4905
4464
4904
4468
4466
4467
4907
4906
4469
4470
4913
4912
4472
4917
4473
4916
4480
4475
4563
4476
4917
4478
4923
4479
4922
4481
4482
4925
4924
4484
4932
4485
4931
4487
4488
4934
4933
4490
4650
4491
4788
4493
4939
4494
4657
4496
4497
4940
4939
4499
4500
4502
4503
4505
4506
4508
5460
4509
4511
4512
4514
4515
4517
5586
4518
4986
4990
4520
4524
5592
4521
4523
4702
4980
4523
4524
4526
4527
4529
4530
4532
4533
4535
4539
4536
4538
5070
4538
5034
4539
5029
4541
4542
4544
5565
4545
4547
5598
4548
4550
5601
4551
4553
5055
4554
4556
5571
4557
4884
4559
4638
4560
5492
5491
4562
4566
4924
4563
4565
4565
4644
4566
4923
4568
4569
5041
4571
4773
5046
4572
4574
4575
4577
4578
5636
5635
4580
4581
5282
5281
4583
4584
4586
4587
4589
4590
4592
4593
4595
4596
4598
4599
4601
4602
4604
5301
4605
5300
4607
5568
4608
4743
4610
4611
4613
4614
4616
4617
4619
5058
4620
4622
5508
4623
5507
4625
4626
4628
5511
4629
5510
4631
5061
4632
5513
5512
4634
4635
4637
4641
4906
4638
4640
4640
4641
4905
4643
5517
4644
5516
4646
5520
4647
5519
4651
4649
4653
4933
4650
4652
4652
4653
4932
4655
4659
4795
4656
4658
4660
4658
4659
4794
4661
4662
5522
5521
4664
4665
4667
5526
4668
5525
5047
4670
4960
4671
5557
4673
4674
5528
5527
4676
4677
4679
4680
5050
4682
4683
5062
4685
4686
4688
4689
5531
5530
4691
4692
5590
4694
4695
4697
4698
5584
4700
4701
5345
5344
4703
4704
4706
5005
4707
5572
4709
4710
4712
4713
4715
4716
5560
4718
4719
4721
4722
4724
4725
4727
4728
4730
4734
4731
4733
4831
4733
5037
4734
4736
5040
4737
4739
4740
4742
4749
4743
4745
5112
4746
4748
4749
4751
4752
4754
4755
4757
4758
4760
4764
4761
4763
4763
4764
4766
4767
5074
4769
4779
5079
4770
4772
4773
5080
4775
5085
4776
4778
4779
5086
4781
5091
4782
4784
5094
4785
4787
4791
4788
4790
4791
4793
4797
4794
4796
4797
4799
4800
4802
4803
4805
4806
4808
4809
4811
4812
4814
4815
4817
4818
4820
4821
5032
4823
4824
4826
4827
4829
4830
4832
4833
4835
4836
4838
4839
4841
5103
4842
4844
4845
4847
4848
4849
4850
4851
4853
5106
4854
4856
4857
4859
4860
4862
4866
4863
4865
4865
4866
4868
4869
4871
4872
4874
4878
4875
4877
4877
4878
4880
4881
4883
4890
4884
4886
5115
4887
4889
4890
4892
4893
4895
4896
4898
4899
5119
4901
4902
5122
4904
4908
4905
4907
4908
4910
4914
4911
4913
4914
4916
4920
4917
4919
4920
4922
4926
4923
4925
4926
4928
5127
4929
4931
4935
4932
4934
4935
4937
4941
4938
4940
4941
4943
4944
5128
4946
4950
4947
4949
4949
4950
4952
5136
4953
4955
4962
4956
4958
4959
5140
4961
4962
4964
4965
4967
4968
4970
4971
4973
4974
4976
4977
4979
4983
4980
4982
4982
4983
4985
4989
4986
4988
4988
4989
4991
4992
4994
4995
4997
4998
5065
5000
5007
5001
5003
5004
5095
5006
5007
5009
5010
5012
5013
5146
5015
5016
5018
5019
5149
5021
5022
5023
5024
5025
5027
5028
5030
5034
5031
5033
5068
5033
5034
5036
5037
5039
5040
5042
5043
5045
5082
5046
5048
5049
5051
5052
5054
5055
5057
5058
5060
5061
5063
5064
5066
5067
5069
5070
5072
5073
5075
5076
5078
5088
5079
5081
5082
5084
5085
5087
5088
5090
5091
5093
5094
5096
5097
5099
5100
5102
5103
5105
5106
5108
5109
5111
5112
5114
5115
5117
5118
5120
5121
5123
5124
5126
5127
5129
5130
5132
5133
5135
5136
5138
5139
5141
5142
5144
5145
5147
5148
5150
5151
5153
5154
5156
5157
5159
5160
5162
5163
5354
5353
5165
5355
5166
5168
5169
5171
5172
5178
5174
5175
5691
5177
5178
5205
5180
5181
5183
5612
5184
5185
5186
5187
5188
5189
5190
5191
5192
5193
5194
5195
5196
5197
5198
5199
5200
5201
5202
5614
5204
5205
5214
5207
5208
5210
5211
5213
5214
5232
5216
5217
5489
5488
5219
5307
5220
5372
5371
5222
5310
5223
5375
5374
5225
5313
5226
5378
5377
5228
5316
5229
5381
5380
5231
5232
5235
5234
5235
5247
5237
5238
5240
5688
5241
5501
5500
5243
5244
5504
5503
5246
5247
5271
5249
5630
5250
5251
5252
5253
5254
5255
5256
5257
5258
5259
5260
5261
5262
5263
5264
5265
5266
5267
5268
5632
5270
5271
5273
5274
5708
5276
5277
5279
5280
5282
5283
5285
5400
5286
5399
5288
5670
5289
5669
5291
5292
5294
5295
5297
5298
5300
5301
5303
5304
5306
5424
5307
5423
5309
5427
5310
5426
5312
5430
5313
5429
5315
5433
5316
5432
5318
5322
5319
5435
5434
5321
5439
5322
5438
5324
5328
5325
5441
5440
5327
5445
5328
5444
5330
5334
5331
5447
5446
5333
5451
5334
5450
5336
5340
5337
5453
5452
5339
5457
5340
5456
5342
5343
5345
5346
5348
5349
5351
5352
5354
5355
5357
5358
5360
5361
5606
5605
5363
5364
5366
5367
5369
5370
5372
5373
5425
5375
5376
5428
5378
5379
5431
5381
5382
5384
5385
5387
5388
5390
5391
5393
5394
5396
5397
5399
5400
5402
5406
5403
5405
5405
5409
5406
5408
5409
5411
5412
5414
5415
5417
5418
5420
5421
5423
5424
5426
5427
5429
5430
5432
5433
5435
5436
5438
5442
5439
5441
5442
5444
5448
5445
5447
5448
5450
5454
5451
5453
5454
5456
5457
5459
5460
5462
5463
5465
5466
5468
5469
5471
5472
5474
5475
5477
5481
5478
5480
5674
5480
5481
5483
5487
5484
5486
5486
5679
5487
5489
5490
5620
5492
5493
5495
5499
5496
5498
5498
5682
5499
5501
5502
5504
5505
5626
5507
5508
5510
5511
5513
5514
5516
5517
5519
5520
5522
5523
5525
5526
5528
5529
5531
5532
5534
5535
5537
5538
5540
5541
5543
5544
5546
5547
5549
5550
5552
5553
5555
5556
5558
5559
5561
5562
5564
5565
5567
5568
5570
5571
5573
5574
5576
5577
5579
5580
5582
5583
5585
5586
5588
5589
5591
5592
5594
5595
5597
5598
5600
5601
5603
5604
5606
5607
5609
5610
5612
5613
5615
5616
5618
5619
5621
5622
5624
5625
5627
5628
5630
5631
5633
5634
5636
5637
5639
5640
5642
5643
5645
5646
5648
5649
5651
5652
5654
5655
5657
5658
5660
5661
5663
5664
5666
5667
5669
5670
5672
5673
5675
5676
5678
5679
5681
5682
5684
5685
5687
5688
5690
5691
5693
5694
5696
5697
5700
5699
5700
5702
5703
5705
5706
5708
5709
5711
6377
7591
5751
7592
6427
6479
7356
5760
6430
7357
5765
6494
7358
5730
5871
7593
5731
6407
7359
5767
5826
7594
5768
6454
7595
5771
6457
7360
5736
6396
7596
5772
6460
7597
5738
6501
7361
5773
6466
7362
5774
5813
7598
5740
6503
7363
5818
6504
7364
6497
6505
7365
5729
5776
7599
5880
7600
5778
7601
6515
7366
5733
5889
7602
5784
7603
5810
5893
7604
5785
6414
7605
5788
7606
5792
6526
7367
6528
7368
5835
5903
7607
5797
7369
5775
6534
7608
5743
6496
7370
5744
7371
5808
7372
5798
5848
7609
5747
6439
7373
6399
7374
5813
5874
7610
5815
5876
7611
6337
6504
7375
5776
7612
5753
6447
7376
6507
7377
5755
5778
7613
5756
7614
5887
7615
5758
5784
7616
5828
7617
5800
5892
7618
5896
7378
6430
6484
7379
5763
6529
7380
5764
7381
6464
7382
5840
7383
6434
6472
7384
5782
7619
5848
7620
6347
6426
7385
6438
6499
7386
6500
7387
6374
7621
6502
7388
5905
7622
5817
7623
7624
5825
5886
7625
7626
6407
6478
7389
6343
6406
7627
6409
6477
7390
6408
7628
5826
5852
7629
7630
5786
7631
5893
7632
6362
6482
7391
5895
7633
5790
6458
7634
5898
7635
5834
5857
7636
6527
7392
5794
6489
7393
6462
7394
5796
6492
7395
6466
7396
6493
7397
5799
7637
6396
7638
6339
7639
5802
6482
7398
5856
7399
6340
6388
7640
5805
6493
7400
6495
7401
5807
6446
7641
6393
7642
5809
7402
5883
7403
5811
7643
6397
7644
5873
6373
7645
7646
6442
6502
7404
6441
7647
6444
6469
7405
6443
7648
6506
7406
6433
6509
7407
5881
6379
7649
5822
5825
7650
5884
7651
5824
6513
7408
6512
7409
7652
7653
6345
6518
7410
5890
7654
6499
6519
7411
5894
6346
7655
5832
6416
7412
6522
7413
6348
6487
7414
5900
7656
6421
7657
5837
6465
7658
6391
7659
6463
6531
7415
6350
6423
7660
5841
7416
6533
7417
5844
6443
7661
6471
6495
7418
6470
7662
5846
6393
7663
5847
7664
5871
7665
7666
6477
6512
7419
6408
6476
7667
5854
6406
7668
6339
7669
6481
6516
7420
6480
7670
6414
6428
7671
6521
7421
6388
7672
6526
6528
7422
5860
6488
7673
6460
7674
6486
6489
7423
6420
6488
7675
5864
6531
7424
6492
7425
6422
6491
7676
6424
6431
7677
5908
6341
7678
6432
6470
7679
5870
6369
7680
6354
7681
7682
6397
6456
7683
6398
7684
6349
7685
6400
6441
7686
6352
7687
6353
6377
7688
5879
6354
7689
6445
7690
6380
7691
5882
7692
6446
7693
6511
7426
6510
7694
6451
6476
7695
6450
7696
5888
7697
6358
7698
6480
7699
5891
7700
6454
7701
6456
7702
7703
6483
7704
6459
7705
5897
7427
6525
7428
6524
7706
6364
6485
7707
6419
7708
6365
6485
7709
5903
6389
7710
7711
6465
6490
7712
5906
7713
6468
7714
6368
6535
7429
6534
7715
5910
6670
7430
6725
7431
5913
6609
7432
5980
5983
7716
6102
7433
6061
6717
7434
5916
6611
7717
6105
7718
6066
6721
7719
5919
6761
7435
6042
7436
5921
6763
7720
6044
7721
5981
6045
7722
6676
6720
7437
5925
6555
7723
5987
7724
5927
6563
7438
6616
7439
5929
6551
7440
6618
7441
5931
6561
7725
5993
7726
5933
6571
7727
5995
7728
5935
6557
7442
6624
7443
5937
6553
7729
5999
7730
5939
6569
7444
6628
7445
5941
6579
7446
6630
7447
5943
6565
7731
6005
7732
5945
6559
7448
6634
7449
5947
6577
7733
6009
7734
5949
6587
7735
6011
7736
5951
6573
7450
6640
7451
5953
6567
7737
6015
7738
5955
6585
7452
6644
7453
5957
6595
7454
6646
7455
5959
6581
7739
6021
7740
5961
6575
7456
6650
7457
5963
6593
7741
6025
7742
5965
6603
7743
6027
7744
5967
6589
7458
6656
7459
5969
6583
7745
6031
7746
5971
6601
7460
6660
7461
5973
6605
7462
6662
7463
5975
6597
7747
6037
7748
5977
6591
7464
6666
7465
5979
6599
7749
6041
7750
6089
7751
6101
7752
5983
6538
7753
7754
5985
6542
7466
6731
7467
6614
6738
7468
6613
7755
5989
6745
7756
6554
7757
5991
6619
7758
6556
7759
6617
6620
7469
6619
7760
6622
6623
7470
6621
7761
5997
6621
7762
6562
7763
6626
6627
7471
6625
7764
6001
6625
7765
6566
7766
6003
6631
7767
6568
7768
6629
6632
7472
6631
7769
6007
6635
7770
6572
7771
6633
6636
7473
6635
7772
6638
6639
7474
6637
7773
6013
6637
7774
6578
7775
6642
6643
7475
6641
7776
6017
6641
7777
6582
7778
6019
6647
7779
6584
7780
6645
6648
7476
6647
7781
6023
6651
7782
6588
7783
6649
6652
7477
6651
7784
6654
6655
7478
6653
7785
6029
6653
7786
6594
7787
6658
6659
7479
6657
7788
6033
6657
7789
6598
7790
6035
6663
7791
6600
7792
6661
6664
7480
6663
7793
6039
6748
7794
6604
7795
6668
6704
7481
6667
7796
6670
7482
6536
6669
7797
6045
7798
7799
6047
6675
7483
6086
7484
6049
6673
7800
6550
7801
6051
6679
7802
6087
7803
6053
6677
7485
6088
7486
6059
6091
7804
6060
6722
7487
6072
6723
7805
6084
6724
7488
6085
6100
7806
6103
7807
6733
7489
6107
7490
6064
6735
7491
6065
6736
7492
6737
7493
6112
7494
6114
7808
6069
6115
7809
6070
6743
7810
6117
7811
6119
7812
6074
6749
7495
6124
7813
6075
6125
7814
6126
7496
6127
7815
6082
6755
7816
6078
6667
7817
6129
7818
6080
6726
7497
6130
7498
6083
6758
7499
6132
7819
6760
7500
6762
7501
6137
7820
6716
7502
6098
7821
6728
7503
6713
7822
6091
6541
7823
7824
6720
6731
7504
6550
6719
7825
6544
6722
7505
6682
6721
7826
6683
6724
7506
6684
6723
7827
6537
7828
6100
6706
7829
7830
6715
7831
6730
7507
6729
7832
6612
6719
7833
6106
7834
6687
7835
6735
7508
6689
6734
7836
6110
6690
7837
6691
7838
6113
6613
7839
6740
7509
6739
7840
6115
7841
7842
6695
6744
7510
6743
7843
6615
6747
7511
6120
7844
6745
7845
6665
6750
7512
6123
6698
7846
6748
7847
6125
7848
7849
6754
7513
6753
7850
6703
6756
7514
6755
7851
6758
7515
6708
6757
7852
6133
7853
6710
7854
6135
6545
7855
6711
7856
6547
6764
7516
6763
7857
6139
6807
7858
6183
7859
6141
6816
7860
6190
7861
6192
6820
7862
6154
6925
7517
6202
6883
7518
6161
6258
7863
6203
6887
7519
6166
6828
7520
6832
6895
7521
6168
6929
7522
6208
6838
7523
6170
6304
7864
6163
6305
7865
6901
6934
7524
6886
7525
6156
6839
7526
6840
7527
6255
6310
7866
6200
6841
7867
6160
6939
7528
6884
7529
6316
7868
6221
6888
7530
6321
7869
6223
6286
7870
6224
6894
7531
6226
7532
6228
6857
7533
6954
7534
6837
6959
7535
6232
7871
6172
6800
7872
6299
7873
6798
6927
7536
6828
6864
7537
6864
6906
7538
6177
6873
7874
6205
7875
6250
6931
7539
6838
6932
7540
6765
6839
7541
6182
6881
7876
6213
7877
6310
7878
6185
6884
7542
6215
7543
6188
6942
7879
6815
6886
7544
6814
7880
6767
6914
7545
6322
7881
6866
6955
7546
6231
7882
6769
6960
7547
6195
6823
7883
6272
7884
6335
6821
7548
6198
6278
7885
6199
7886
6244
7887
6300
7888
6774
6801
7889
6906
7549
6846
7550
6926
6946
7551
6775
7890
6207
6874
7552
6930
7553
6329
7554
6210
6249
7891
6796
7892
6777
6806
7893
6782
6807
7894
6783
7895
6785
6938
7555
6313
7556
6217
6907
7896
6258
7897
6219
6284
7898
6830
7899
6887
6909
7557
6945
7558
6263
6320
7900
6266
7901
6951
7559
6950
6951
7560
6227
7561
6894
7562
6229
7563
6953
7564
6288
6794
7902
6270
7903
6291
7904
6234
6919
7905
6274
7906
6236
6922
7907
6275
7908
6801
6802
7909
6239
6282
7910
6818
7911
6241
6916
7565
6915
7566
6243
6917
7567
6918
7568
6253
7912
6874
6953
7569
6301
6803
7570
6833
6872
7913
6249
6903
7914
7915
6251
7571
6306
7572
6902
6963
7573
6309
7916
6308
6808
7574
6311
7917
6314
6771
7918
6787
6811
7919
7920
6781
6814
7921
6773
6847
7922
6317
6789
7923
6890
6945
7575
6889
7924
6265
6914
7576
6893
7577
6892
7925
6792
6854
7926
6325
6775
7927
6303
6328
7928
6330
7929
6899
6900
7578
6898
7930
6334
6898
7931
6780
7932
6879
7933
6875
6958
7579
6278
6298
7934
7935
6802
6829
7936
6281
6843
7580
6939
7581
6847
7937
6284
6317
7938
7939
6286
6321
7940
7941
6816
6891
7942
6868
7943
6327
6867
7944
6331
6869
7945
6870
7946
6860
6921
7582
6294
6334
7947
6919
7948
6862
6924
7583
6297
6325
7949
6922
7950
6770
7951
6831
7952
6800
7953
6929
7584
6776
6928
7954
6834
7955
6805
7956
6806
7957
6934
7585
6780
6933
7958
6936
7586
6935
7959
7960
6841
7961
6786
6908
7962
6941
7587
6940
7963
6813
6943
7588
6942
7964
7965
6848
6889
7966
6320
6831
7967
7968
7969
6323
7970
6852
7971
6851
6852
7972
7973
6856
6872
7974
6795
7975
6818
7976
6957
7589
6956
7977
6903
7978
6333
6796
7979
6820
7980
7981
6963
7590
6879
6962
7982
6338
6964
6378
6965
7983
6387
7984
6392
7985
6357
6498
6966
6358
7986
6394
6453
6967
6395
6968
6398
7987
6363
6969
6399
6970
6365
7988
6400
7989
6401
6440
6971
6367
7990
6445
7991
7992
6356
6403
6972
6507
6973
6405
6974
7993
6360
6516
6975
6411
6976
6437
6520
6977
6412
6978
6415
6979
6419
7994
7995
6462
6530
6980
6424
7996
6402
6981
6370
7997
6371
7998
6435
7999
6425
6475
6982
6374
8000
8001
6440
6501
6983
6442
6503
6984
8002
6403
6985
6380
8003
8004
6382
6405
6986
6383
6987
6514
6988
6385
6411
6989
6455
6990
6427
6519
6991
6523
8005
8006
6390
8007
6391
8008
8009
6467
8010
8011
6409
6992
6475
6993
8012
8013
8014
6994
8015
6532
6995
6444
6996
6997
6452
6513
6998
6999
8016
7000
8017
7001
6453
6479
7002
7003
6413
7004
6520
7005
8018
6522
7006
6417
7007
6525
7008
6461
6484
7009
8019
6421
8020
8021
6423
8022
8023
8024
6426
7010
7011
7012
6429
8025
6483
8026
7013
6432
8027
8028
6434
7014
7015
6436
8029
6510
8030
6438
7016
7017
6500
7018
7019
8031
7020
8032
7021
8033
8034
6508
7022
6449
6452
7023
6511
7024
6451
8035
8036
7025
7026
8037
6517
7027
8038
6521
7028
6459
8039
8040
8041
6527
7029
7030
6464
7031
7032
8042
7033
6468
8043
8044
6471
7034
8045
7035
6473
7036
6474
7037
6498
7038
7039
8046
7040
6481
7041
7042
8047
7043
7044
8048
7045
8049
6487
7046
7047
8050
7048
6491
8051
8052
7049
7050
6535
7051
7052
6497
7053
7054
7055
7056
7057
7058
7059
7060
7061
6506
7062
7063
7064
6509
7065
7066
8053
7067
7068
7069
6515
7070
7071
7072
6518
7073
7074
7075
7076
7077
7078
6524
8054
8055
7079
7080
7081
7082
6530
7083
7084
7085
6533
7086
7087
8056
7088
6537
8057
8058
6540
8059
6607
6610
7089
6729
8060
6688
8061
6543
7090
6732
7091
6693
7092
6546
8062
6669
8063
6548
7093
6671
7094
6608
6672
7095
8064
6552
7096
6614
7097
6554
8065
8066
6556
8067
8068
6558
7098
6620
7099
6560
7100
6622
7101
6562
8069
8070
6564
7102
6626
7103
6566
8071
8072
6568
8073
8074
6570
7104
6632
7105
6572
8075
8076
6574
7106
6636
7107
6576
7108
6638
7109
6578
8077
8078
6580
7110
6642
7111
6582
8079
8080
6584
8081
8082
6586
7112
6648
7113
6588
8083
8084
6590
7114
6652
7115
6592
7116
6654
7117
6594
8085
8086
6596
7118
6658
7119
6598
8087
8088
6600
8089
8090
6602
7120
6664
7121
6604
8091
8092
6606
7122
6668
7123
6716
7124
6728
7125
6610
7126
7127
6612
8093
8094
8095
7128
6616
7129
7130
6618
7131
7132
8096
7133
8097
7134
6624
7135
7136
8098
7137
6628
7138
7139
6630
7140
7141
8099
7142
6634
7143
7144
8100
7145
8101
7146
6640
7147
7148
8102
7149
6644
7150
7151
6646
7152
7153
8103
7154
6650
7155
7156
8104
7157
8105
7158
6656
7159
7160
8106
7161
6660
7162
7163
6662
7164
7165
8107
7166
6666
7167
7168
8108
7169
8109
7170
6672
7171
7172
6674
8110
6713
8111
6676
7173
7174
6678
7175
6714
7176
6680
8112
6715
8113
6686
6718
7177
6687
8114
6699
7178
6711
8115
6712
6727
7179
6730
7180
8116
6734
8117
6691
8118
6692
8119
8120
6739
8121
6741
7181
6696
6742
7182
6697
7183
6744
7184
6746
7185
6701
8122
6751
7186
6702
6752
7187
6753
8123
6754
7188
6709
7189
6705
7190
6756
7191
6707
8124
6757
8125
6710
8126
6759
7192
8127
8128
6764
7193
8129
6725
7194
8130
7195
6718
7196
7197
8131
7198
8132
7199
8133
7200
7201
6727
7202
7203
7204
8134
7205
7206
6733
7207
7208
8135
7209
6737
7210
7211
6740
7212
8136
7213
6742
7214
7215
8137
7216
8138
6747
7217
7218
8139
6750
7219
7220
6752
7221
7222
8140
7223
8141
7224
8142
7225
6760
7226
7227
6762
7228
7229
8143
7230
6766
7231
6810
7232
6768
7233
6817
7234
6819
7235
6781
8144
6829
8145
6788
6885
7236
6830
8146
6793
8147
8148
6795
8149
6835
8150
6797
6931
7237
6790
6932
7238
8151
8152
6783
8153
8154
6882
6937
7239
6827
7240
6787
8155
8156
6943
7241
6848
8157
6948
7242
6850
6913
7243
6851
8158
6853
8159
6855
8160
8161
8162
6859
7244
6799
7245
6926
7246
8163
8164
8165
6804
7247
6832
7248
6877
8166
8167
8168
6809
7249
6840
7250
6937
7251
6812
8169
6842
8170
6815
7252
8171
7253
8172
6949
7254
8173
6858
7255
8174
6822
7256
6899
7257
6962
8175
6825
6905
7258
6826
7259
6871
7260
6927
7261
7262
8176
8177
8178
7263
6834
8179
8180
6956
8181
6837
6876
7264
7265
7266
7267
7268
8182
6940
8183
6844
7269
6885
7270
6846
6911
7271
7272
8184
8185
6890
6947
7273
6893
7274
8186
8187
6854
8188
8189
6856
8190
8191
6915
7275
6897
7276
6918
7277
6861
7278
6901
7279
6863
7280
6902
7281
7282
6866
6909
7283
7284
6868
8192
8193
6870
8194
8195
6880
7285
8196
6928
8197
7286
6876
7287
7288
6878
8198
6933
8199
8200
6936
7289
6935
8201
6938
7290
6941
7291
7292
7293
7294
7295
6944
7296
8202
7297
6892
8203
8204
7298
7299
6952
7300
6930
6955
7301
6957
7302
8205
7303
6961
7304
7305
7306
8206
6905
6925
7307
7308
7309
6908
8207
8208
7310
6911
6944
7311
7312
6913
6948
7313
7314
7315
7316
6954
7317
6958
7318
7319
8209
6921
6961
7320
7321
8210
6924
6952
7322
7323
7324
7325
7326
8211
7327
7328
7329
7330
8212
7331
8213
7332
7333
7334
7335
8214
7336
8215
7337
7338
7339
6947
7340
7341
7342
6950
7343
7344
7345
7346
7347
7348
7349
8216
7350
7351
6960
7352
7353
7354
8217
7355
6965
7375
7591
6985
7592
6974
7055
7593
6992
7026
7594
6993
7410
7595
6979
7385
7596
6994
7414
7597
6995
7019
7598
6973
6997
7599
7064
7600
6999
7601
6976
7072
7602
7003
7603
7016
7076
7604
7004
7391
7605
7006
7606
7030
7084
7607
6996
7429
7608
7010
7039
7609
7019
7058
7610
7020
7060
7611
6997
7612
6987
6999
7613
6988
7614
7070
7615
6990
7003
7616
7027
7617
7012
7075
7618
7001
7619
7039
7620
7374
7621
7086
7622
7021
7623
7624
7025
7069
7625
7626
7359
7389
7627
7390
7628
7026
7042
7629
7630
7005
7631
7076
7632
7078
7633
7008
7412
7634
7079
7635
7029
7045
7636
7011
7637
7385
7638
7356
7639
7357
7379
7640
7015
7407
7641
7384
7642
7017
7643
7386
7644
7057
7373
7645
7646
7404
7647
7405
7648
7065
7376
7649
7024
7025
7650
7067
7651
7652
7653
7073
7654
7077
7360
7655
7081
7656
7394
7657
7032
7415
7658
7382
7659
7362
7396
7660
7035
7405
7661
7418
7662
7037
7384
7663
7038
7664
7055
7665
7666
7390
7419
7667
7043
7389
7668
7356
7669
7420
7670
7391
7398
7671
7379
7672
7047
7423
7673
7414
7674
7393
7423
7675
7395
7425
7676
7397
7400
7677
7088
7358
7678
7401
7418
7679
7054
7370
7680
7365
7681
7682
7386
7411
7683
7387
7684
7361
7685
7388
7404
7686
7363
7687
7364
7375
7688
7063
7365
7689
7406
7690
7377
7691
7066
7692
7407
7693
7426
7694
7409
7419
7695
7408
7696
7071
7697
7366
7698
7420
7699
7074
7700
7410
7701
7411
7702
7703
7421
7704
7413
7705
7428
7706
7367
7422
7707
7392
7708
7368
7422
7709
7084
7380
7710
7711
7415
7424
7712
7087
7713
7417
7714
7429
7715
7124
7127
7716
7091
7466
7717
7207
7718
7181
7505
7719
7094
7516
7720
7171
7721
7125
7172
7722
7097
7440
7723
7128
7724
7099
7442
7725
7133
7726
7101
7448
7727
7134
7728
7103
7438
7729
7137
7730
7105
7444
7731
7142
7732
7107
7450
7733
7145
7734
7109
7456
7735
7146
7736
7111
7446
7737
7149
7738
7113
7452
7739
7154
7740
7115
7458
7741
7157
7742
7117
7464
7743
7158
7744
7119
7454
7745
7161
7746
7121
7460
7747
7166
7748
7123
7462
7749
7169
7750
7195
7751
7204
7752
7127
7432
7753
7754
7468
7755
7130
7511
7756
7439
7757
7132
7469
7758
7441
7759
7469
7760
7470
7761
7136
7470
7762
7443
7763
7471
7764
7139
7471
7765
7445
7766
7141
7472
7767
7447
7768
7472
7769
7144
7473
7770
7449
7771
7473
7772
7474
7773
7148
7474
7774
7451
7775
7475
7776
7151
7475
7777
7453
7778
7153
7476
7779
7455
7780
7476
7781
7156
7477
7782
7457
7783
7477
7784
7478
7785
7160
7478
7786
7459
7787
7479
7788
7163
7479
7789
7461
7790
7165
7480
7791
7463
7792
7480
7793
7168
7512
7794
7465
7795
7481
7796
7430
7482
7797
7172
7798
7799
7174
7483
7800
7437
7801
7176
7485
7802
7194
7803
7180
7197
7804
7186
7506
7805
7193
7203
7806
7205
7807
7214
7808
7184
7215
7809
7185
7510
7810
7216
7811
7217
7812
7221
7813
7188
7222
7814
7223
7815
7192
7514
7816
7191
7481
7817
7224
7818
7226
7819
7230
7820
7201
7821
7502
7822
7197
7434
7823
7824
7437
7504
7825
7487
7505
7826
7488
7506
7827
7431
7828
7203
7497
7829
7830
7503
7831
7507
7832
7467
7504
7833
7208
7834
7489
7835
7491
7508
7836
7211
7492
7837
7493
7838
7213
7468
7839
7509
7840
7215
7841
7842
7510
7843
7218
7844
7511
7845
7220
7495
7846
7512
7847
7222
7848
7849
7513
7850
7514
7851
7499
7515
7852
7227
7853
7500
7854
7229
7435
7855
7501
7856
7516
7857
7232
7541
7858
7251
7859
7234
7545
7860
7254
7861
7255
7547
7862
7241
7293
7863
7244
7329
7864
7242
7330
7865
7290
7333
7866
7261
7555
7867
7337
7868
7342
7869
7274
7314
7870
7277
7871
7246
7536
7872
7325
7873
7248
7570
7874
7263
7875
7250
7574
7876
7268
7877
7333
7878
7253
7588
7879
7544
7880
7343
7881
7276
7882
7257
7548
7883
7303
7884
7259
7308
7885
7260
7886
7285
7887
7326
7888
7520
7537
7889
7521
7890
7265
7288
7891
7535
7892
7523
7540
7893
7526
7541
7894
7527
7895
7270
7580
7896
7293
7897
7272
7312
7898
7550
7899
7297
7341
7900
7298
7901
7316
7533
7902
7302
7903
7319
7904
7279
7582
7905
7305
7906
7281
7583
7907
7306
7908
7537
7538
7909
7284
7310
7910
7546
7911
7289
7912
7552
7569
7913
7288
7579
7914
7915
7332
7916
7334
7917
7336
7518
7918
7529
7542
7919
7920
7525
7544
7921
7519
7557
7922
7338
7530
7923
7575
7924
7577
7925
7531
7562
7926
7346
7521
7927
7328
7349
7928
7350
7929
7578
7930
7354
7578
7931
7524
7932
7573
7933
7308
7324
7934
7935
7538
7549
7936
7557
7937
7312
7338
7938
7939
7314
7342
7940
7941
7545
7576
7942
7566
7943
7348
7565
7944
7351
7567
7945
7568
7946
7321
7354
7947
7582
7948
7323
7346
7949
7583
7950
7517
7951
7551
7952
7536
7953
7522
7584
7954
7553
7955
7539
7956
7540
7957
7524
7585
7958
7586
7959
7960
7555
7961
7528
7581
7962
7587
7963
7588
7964
7965
7558
7575
7966
7341
7551
7967
7968
7969
7344
7970
7560
7971
7559
7560
7972
7973
7564
7569
7974
7534
7975
7546
7976
7589
7977
7579
7978
7353
7535
7979
7547
7980
7981
7573
7590
7982
7983
7378
7984
7383
7985
7366
7986
7387
7987
7368
7988
7388
7989
7369
7990
7406
7991
7992
7993
7392
7994
7995
7397
7996
7371
7997
7372
7998
7402
7999
7374
8000
8001
8002
7377
8003
8004
7427
8005
8006
7381
8007
7382
8008
8009
7416
8010
8011
8012
8013
8014
8015
8016
8017
8018
8019
7394
8020
8021
7396
8022
8023
8024
7399
8025
7421
8026
7401
8027
8028
7403
8029
7426
8030
8031
8032
8033
8034
7409
8035
8036
8037
8038
7413
8039
8040
8041
8042
7417
8043
8044
8045
8046
8047
8048
8049
8050
7425
8051
8052
8053
7428
8054
8055
8056
7431
8057
8058
7433
8059
7507
8060
7490
8061
7436
8062
7482
8063
8064
7439
8065
8066
7441
8067
8068
7443
8069
8070
7445
8071
8072
7447
8073
8074
7449
8075
8076
7451
8077
8078
7453
8079
8080
7455
8081
8082
7457
8083
8084
7459
8085
8086
7461
8087
8088
7463
8089
8090
7465
8091
8092
7467
8093
8094
8095
8096
8097
8098
8099
8100
8101
8102
8103
8104
8105
8106
8107
8108
8109
7484
8110
7502
8111
7486
8112
7503
8113
7489
8114
7501
8115
8116
7508
8117
7493
8118
7494
8119
8120
7509
8121
7496
8122
7513
8123
7498
8124
7515
8125
7500
8126
8127
8128
8129
8130
8131
8132
8133
8134
8135
8136
8137
8138
8139
8140
8141
8142
8143
7525
8144
7549
8145
7550
8146
7532
8147
8148
7534
8149
7554
8150
8151
8152
7527
8153
8154
7529
8155
8156
7558
8157
7559
8158
7561
8159
7563
8160
8161
8162
8163
8164
8165
7571
8166
8167
8168
7543
8169
7556
8170
8171
8172
8173
8174
7590
8175
8176
8177
8178
7553
8179
8180
7589
8181
8182
7587
8183
8184
8185
8186
8187
7562
8188
8189
7564
8190
8191
7566
8192
8193
7568
8194
8195
8196
7584
8197
7572
8198
7585
8199
8200
7586
8201
8202
7577
8203
8204
8205
8206
7581
8207
8208
8209
8210
8211
8212
8213
8214
8215
8216
8217
7592
8002
7612
7601
7682
7619
7653
7620
8037
7606
8012
7621
8041
7622
7646
7600
7624
7691
7626
7603
7699
7630
7643
7703
7631
8018
7633
7657
7711
7623
8056
7637
7666
7646
7685
7647
7687
7624
7614
7626
7615
7697
7617
7630
7654
7639
7702
7628
7666
8001
7713
7648
7652
7696
7986
8016
8017
7653
7669
7632
7703
7705
7635
8039
7706
7656
7672
7638
8012
7983
7984
8006
7642
8034
8011
7644
8013
7684
8000
8031
8032
7692
8003
7651
7652
7694
7700
7704
7987
7708
8021
7659
8042
8009
7989
8023
7662
8032
8045
7664
8011
7665
7682
8017
8046
7670
8016
7983
8047
8018
8025
8006
7674
8050
8041
8020
8050
8022
8052
8024
8027
7715
7985
8028
8045
7681
7997
7992
8013
8038
8014
7988
8015
8031
7990
7991
8002
7690
7992
8033
8004
7693
8034
8053
8036
8046
8035
7698
7993
8047
7701
8037
8038
8048
8040
8055
7994
8049
8019
7995
8049
7711
8007
8042
8051
7714
8044
8056
7751
7754
7718
8093
7834
7808
8132
7721
8143
7798
7752
7799
7724
8067
7755
7726
8069
7760
7728
8075
7761
7730
8065
7764
7732
8071
7769
7734
8077
7772
7736
8083
7773
7738
8073
7776
7740
8079
7781
7742
8085
7784
7744
8091
7785
7746
8081
7788
7748
8087
7793
7750
8089
7796
7822
7831
7754
8059
8095
7757
8138
8066
7759
8096
8068
8096
8097
7763
8097
8070
8098
7766
8098
8072
7768
8099
8074
8099
7771
8100
8076
8100
8101
7775
8101
8078
8102
7778
8102
8080
7780
8103
8082
8103
7783
8104
8084
8104
8105
7787
8105
8086
8106
7790
8106
8088
7792
8107
8090
8107
7795
8139
8092
8108
8057
8109
7799
7801
8110
8064
7803
8112
7821
7807
7824
7813
8133
7820
7830
7832
7841
7811
7842
7812
8137
7843
7844
7848
7815
7849
7850
7819
8141
7818
8108
7851
7853
7857
7828
8129
7824
8061
8064
8131
8114
8132
8115
8133
8058
7830
8124
8130
8134
8094
8131
7835
8116
8118
8135
7838
8119
8120
7840
8095
8136
7842
8137
7845
8138
7847
8122
8139
7849
8140
8141
8126
8142
7854
8127
7856
8062
8128
8143
7859
8168
7878
7861
8172
7881
7882
8174
7868
7920
7871
7956
7869
7957
7917
7960
7888
8182
7964
7969
7901
7941
7904
7873
8163
7952
7875
8197
7890
7877
8201
7895
7960
7880
8215
8171
7970
7903
7884
8175
7930
7886
7935
7887
7912
7953
8147
8164
8148
7892
7915
8162
8150
8167
8153
8168
8154
7897
8207
7920
7899
7939
8177
7924
7968
7925
7943
8160
7929
7946
7906
8209
7932
7908
8210
7933
8164
8165
7911
7937
8173
7916
8179
8196
7915
8206
7959
7961
7963
8145
8156
8169
8152
8171
8146
8184
7965
8157
8202
8204
8158
8189
7973
8148
7955
7976
7977
8205
7981
8205
8151
8200
7935
7951
8165
8176
8184
7939
7965
7941
7969
8172
8203
8193
7975
8192
7978
8194
8195
7948
7981
8209
7950
7973
8210
8144
8178
8163
8149
8211
8180
8166
8167
8151
8212
8213
8182
8155
8208
8214
8215
8185
8202
7968
8178
7971
8187
8186
8187
8191
8196
8161
8173
8216
8206
7980
8162
8174
8200
8217
8005
8010
7993
8014
7995
8015
7996
8033
8019
8024
7998
7999
8029
8001
8004
8054
8008
8009
8043
8021
8023
8026
8048
8028
8030
8053
8036
8040
8044
8052
8055
8058
8060
8134
8117
8063
8109
8066
8068
8070
8072
8074
8076
8078
8080
8082
8084
8086
8088
8090
8092
8094
8111
8129
8113
8130
8116
8128
8135
8120
8121
8136
8123
8140
8125
8142
8127
8152
8176
8177
8159
8161
8181
8154
8156
8185
8186
8188
8190
8198
8170
8183
8217
8180
8216
8214
8189
8191
8193
8195
8211
8199
8212
8213
8204
8208
)


// ************************************************************************* //
