/*--------------------------------*- C++ -*----------------------------------*\
| =========                 |                                                 |
| \\      /  F ield         | OpenFOAM: The Open Source CFD Toolbox           |
|  \\    /   O peration     | Version:  5.x                                   |
|   \\  /    A nd           | Web:      www.OpenFOAM.org                      |
|    \\/     M anipulation  |                                                 |
\*---------------------------------------------------------------------------*/
FoamFile
{
    version     2.0;
    format      ascii;
    class       cellSet;
    location    "constant/polyMesh/sets";
    object      region2;
}
// * * * * * * * * * * * * * * * * * * * * * * * * * * * * * * * * * * * * * //


3354
(
16633 
16634 
16635 
16642 
16643 
16644 
16660 
16661 
16662 
16768 
16769 
16770 
16771 
16772 
16773 
16774 
16775 
16776 
16777 
16778 
16779 
16792 
16793 
16794 
16795 
16796 
16797 
16798 
16799 
16800 
16801 
16802 
16803 
16810 
16811 
16812 
16822 
16823 
16824 
16825 
16826 
16827 
16828 
16829 
16830 
16846 
16847 
16848 
16861 
16862 
16863 
16864 
16865 
16866 
16867 
16868 
16869 
495 
496 
497 
498 
499 
16894 
16895 
16896 
16897 
16898 
16899 
16900 
16901 
16902 
16909 
16910 
16911 
16912 
16913 
16914 
534 
535 
536 
537 
538 
539 
540 
16936 
16937 
16938 
16951 
16952 
16953 
574 
575 
576 
577 
578 
579 
580 
613 
614 
615 
616 
617 
618 
619 
8837 
8838 
8839 
8840 
8841 
8842 
652 
653 
8846 
654 
8847 
655 
8848 
656 
8849 
657 
8850 
658 
8851 
8852 
8853 
8854 
8858 
8859 
8860 
8861 
8864 
8865 
8866 
8867 
8868 
8869 
8879 
8880 
8881 
8882 
8883 
691 
8884 
692 
693 
694 
695 
696 
8894 
8895 
8896 
8897 
8899 
8908 
8909 
8910 
8911 
731 
732 
733 
734 
735 
736 
772 
773 
774 
17191 
17192 
17193 
17197 
17198 
9007 
17199 
9008 
17200 
17201 
9010 
17202 
9011 
17203 
9012 
17204 
17205 
17209 
17210 
17211 
17212 
17213 
9022 
17214 
9023 
9024 
9025 
9026 
9027 
9028 
9029 
9030 
9031 
9032 
17224 
9033 
17225 
9034 
17226 
9035 
9036 
9041 
9042 
9043 
9044 
9045 
9046 
9047 
9048 
9049 
9050 
9051 
9052 
9053 
9054 
9058 
9059 
9060 
9061 
9062 
9063 
9064 
9065 
9066 
9067 
9068 
9069 
9070 
9071 
9072 
9073 
9074 
9075 
9076 
9089 
9090 
9091 
9092 
9093 
9094 
9095 
9096 
9097 
9098 
9102 
9103 
9104 
9138 
9139 
9140 
9141 
9142 
17344 
17345 
17346 
17347 
17348 
17349 
9158 
9159 
9160 
9161 
17353 
9162 
17354 
9163 
17355 
9164 
17356 
9165 
17357 
9166 
17358 
9167 
17359 
9168 
17360 
9169 
17361 
9170 
9171 
9172 
9173 
17365 
9174 
17366 
9175 
17367 
9179 
9180 
9181 
17374 
17375 
17376 
17377 
17378 
17379 
17380 
17381 
17382 
17383 
17384 
17385 
17386 
17387 
17388 
9197 
9198 
9199 
17404 
17405 
17406 
17407 
17408 
17409 
17410 
17411 
17412 
17413 
17414 
17415 
17416 
17417 
17418 
17419 
17420 
17421 
17425 
17426 
17427 
17428 
17429 
17430 
17431 
17432 
17433 
17434 
17435 
17436 
17437 
17438 
17439 
17440 
17441 
17442 
17443 
17444 
17445 
17461 
17462 
17463 
17464 
17465 
17466 
17467 
17468 
17469 
17470 
17471 
17472 
17503 
17504 
17505 
17506 
17507 
17508 
17539 
17540 
17541 
17542 
17543 
17544 
17545 
17546 
17547 
17548 
17549 
17550 
17554 
17555 
17556 
17575 
17576 
17577 
17581 
17582 
17583 
9423 
9426 
9427 
9428 
9429 
9430 
9431 
9434 
9444 
9446 
9450 
9451 
9452 
9453 
9454 
9455 
9456 
9458 
9462 
9463 
9464 
9465 
9466 
9467 
9470 
9471 
9472 
9473 
9474 
9475 
9476 
9477 
9478 
9479 
9483 
9484 
9485 
9489 
9492 
9493 
9494 
9495 
9496 
9497 
9498 
9499 
9500 
9501 
9502 
9503 
9504 
9505 
9506 
9509 
9534 
9535 
9536 
9537 
9538 
9539 
9540 
9541 
9542 
9558 
9560 
9561 
9562 
9563 
9564 
9565 
9566 
9567 
9568 
9569 
9570 
9571 
9572 
9591 
9592 
9593 
9597 
17854 
17855 
17856 
17863 
17864 
17865 
17872 
17873 
17874 
17929 
17930 
17931 
17941 
17942 
17943 
17950 
17951 
17952 
17956 
17957 
17958 
17959 
17960 
17961 
17968 
17969 
17970 
17980 
17981 
17982 
9795 
9796 
9797 
9801 
9802 
9803 
9807 
9808 
9809 
9810 
9811 
9812 
9816 
9817 
9818 
9823 
9824 
9834 
9835 
9836 
9837 
9838 
9839 
9840 
9841 
9842 
9843 
9844 
9845 
9846 
9847 
9848 
9849 
9850 
9851 
9852 
9853 
9854 
9855 
9856 
9857 
9858 
9859 
9860 
1676 
9870 
1678 
9871 
1679 
9872 
1681 
1682 
9876 
1684 
9877 
1685 
9878 
1687 
1688 
9882 
1690 
9883 
9884 
9885 
9886 
9887 
9888 
9889 
9890 
9891 
9892 
9896 
9897 
9898 
1706 
9899 
9900 
1708 
1709 
1710 
1711 
1712 
9905 
1713 
9906 
1714 
9907 
1715 
9908 
1716 
18100 
9909 
1717 
18101 
9910 
1718 
18102 
9911 
9912 
1720 
9913 
9914 
9915 
9916 
9917 
18109 
9918 
18110 
9919 
18111 
9920 
9921 
9922 
9923 
9924 
9925 
9926 
18118 
9927 
18119 
9928 
1736 
18120 
9929 
1737 
18121 
9930 
1738 
18122 
9931 
1739 
18123 
9932 
1740 
9933 
1741 
9934 
1742 
9935 
1743 
18127 
9936 
1744 
18128 
9937 
1745 
18129 
9938 
1746 
9939 
1747 
1748 
1749 
1751 
9955 
9956 
9957 
9961 
9962 
1770 
9963 
1771 
9964 
1772 
9965 
1773 
9966 
1774 
9967 
1775 
9968 
1776 
9969 
1777 
9970 
1778 
9971 
1779 
9972 
1780 
9973 
1781 
9974 
9975 
9976 
9977 
9978 
9979 
9980 
9981 
9982 
1800 
1801 
1802 
1803 
1804 
1805 
1806 
1807 
1808 
1809 
1810 
1811 
18217 
18218 
18219 
18220 
18221 
18222 
1839 
18223 
1840 
18224 
1841 
18225 
1842 
18226 
1843 
18227 
1844 
18228 
1845 
18229 
1846 
18230 
1847 
18231 
1849 
10046 
10047 
10049 
18241 
10050 
18242 
10051 
18243 
10052 
18244 
10053 
18245 
10054 
18246 
10055 
18247 
10056 
18248 
10057 
18249 
10058 
18250 
10059 
18251 
10060 
18252 
10061 
10062 
10063 
10064 
10065 
10066 
10067 
10068 
10069 
10070 
10071 
10072 
10073 
10078 
10079 
1888 
1890 
1891 
1892 
1893 
1894 
1895 
1896 
1897 
18292 
18293 
18294 
18295 
10104 
18296 
10105 
18297 
10106 
10108 
10109 
18301 
10110 
18302 
10111 
18303 
10112 
18307 
10116 
18308 
10117 
18309 
10118 
18310 
10119 
18311 
10120 
18312 
10121 
10122 
10123 
10124 
1932 
10125 
10126 
1934 
10127 
1935 
18319 
10128 
1936 
18320 
10129 
1937 
18321 
10130 
1938 
18322 
10131 
1939 
18323 
10132 
1940 
18324 
10133 
1941 
18325 
10134 
1942 
18326 
10135 
18327 
1944 
1947 
10140 
10141 
10142 
18334 
10143 
18335 
10144 
18336 
10145 
18337 
18338 
18339 
10167 
10168 
10169 
1980 
1983 
18409 
18410 
18411 
18412 
18413 
18414 
2497 
2498 
2500 
2501 
2503 
2504 
2528 
2530 
2531 
2532 
2533 
2534 
2535 
2536 
2537 
2538 
2539 
2540 
2541 
2542 
2563 
2564 
2565 
2566 
2567 
2568 
2569 
2570 
2571 
2585 
2586 
2587 
2588 
2589 
2590 
2591 
2592 
2593 
2594 
2607 
2608 
2609 
2610 
2611 
2612 
2613 
10806 
2614 
10807 
2615 
10808 
10812 
10813 
10814 
10818 
10819 
10820 
2634 
2635 
2636 
19020 
2637 
19021 
2638 
19022 
2639 
19023 
2640 
19024 
10833 
2641 
19025 
10834 
2642 
19026 
10835 
2643 
19027 
10836 
19028 
10837 
19029 
10838 
19030 
10839 
19031 
10840 
19032 
10841 
19033 
10842 
19034 
10843 
19035 
10844 
19036 
10845 
19037 
10846 
19038 
10847 
19039 
10848 
19040 
10849 
19041 
10850 
19042 
19043 
19044 
19045 
10854 
19046 
19047 
19048 
19049 
19050 
19051 
19052 
19053 
19054 
19055 
19056 
2673 
19057 
2674 
19058 
2675 
19059 
2676 
19060 
10869 
2677 
19061 
10870 
2678 
19062 
10871 
2679 
19063 
2680 
19064 
2681 
19065 
2682 
19066 
2683 
19067 
2684 
19068 
2685 
19069 
19070 
19071 
19072 
19073 
19074 
19075 
19076 
19077 
19078 
19079 
19080 
19081 
10890 
19082 
19083 
10892 
19084 
10893 
19085 
10894 
19086 
10895 
2703 
19087 
10896 
2704 
19088 
10897 
2705 
19089 
10898 
2706 
19090 
2707 
19091 
2708 
19092 
10901 
2709 
19093 
19094 
19095 
19096 
10905 
19097 
10906 
19098 
10907 
19099 
19100 
19101 
19102 
19103 
19104 
19105 
19106 
19107 
19108 
19109 
19110 
19111 
19112 
19113 
19114 
19115 
19116 
19117 
19118 
19119 
19120 
19121 
19122 
19123 
19124 
19125 
19126 
19127 
19128 
2745 
19129 
19130 
19131 
2748 
19132 
19133 
19134 
2751 
19135 
19136 
19137 
19138 
19139 
19140 
19141 
19142 
19143 
19144 
19145 
19146 
19147 
19148 
19149 
19150 
19151 
19152 
19153 
19154 
19155 
19156 
19157 
19158 
19159 
19160 
19161 
19162 
19163 
19164 
19165 
19166 
19167 
19168 
19169 
19170 
19171 
19172 
19173 
19174 
19175 
19176 
19177 
19178 
19179 
19180 
19181 
19182 
19183 
19184 
19185 
19186 
19187 
19188 
19189 
19190 
19191 
19192 
19193 
19194 
19195 
19196 
19197 
19198 
19199 
19200 
19201 
19202 
11011 
19203 
11012 
19204 
19205 
19206 
19207 
19208 
19209 
19210 
19211 
19212 
19213 
19214 
19215 
19216 
19217 
19218 
11028 
11029 
11030 
11031 
11032 
11033 
11035 
11036 
11037 
11038 
11040 
11041 
11042 
11043 
11044 
11045 
11046 
11047 
11048 
11049 
11050 
11051 
11052 
11053 
11054 
11058 
11060 
11067 
11068 
11070 
11071 
11072 
11073 
11074 
11075 
11076 
11077 
11078 
11079 
11080 
11090 
11091 
11092 
11093 
11094 
11095 
11096 
11097 
11098 
11099 
11100 
11101 
11102 
11103 
11104 
11105 
11109 
11110 
11111 
11112 
11113 
11114 
11115 
11116 
11117 
11119 
11120 
11121 
11122 
11136 
11137 
11138 
11139 
11140 
11141 
11142 
11143 
11144 
11145 
11147 
11148 
11149 
11150 
11151 
11152 
11189 
11190 
11191 
11192 
11193 
11194 
11200 
11201 
11202 
11203 
11204 
11205 
11206 
11207 
11208 
11209 
11210 
11211 
11212 
11213 
11246 
11247 
11248 
11249 
11250 
11251 
11252 
11253 
11254 
11255 
11256 
11257 
11258 
11261 
11267 
11268 
11269 
11270 
11271 
11272 
11273 
11284 
11285 
11286 
11287 
11288 
11290 
11291 
11292 
11293 
19647 
19648 
19649 
19650 
3267 
19651 
19652 
19653 
3270 
19654 
19655 
3272 
19656 
19657 
19658 
3275 
19659 
3276 
19660 
3277 
19661 
3278 
19662 
3279 
19663 
3280 
19664 
3281 
19665 
19666 
3283 
19667 
3284 
19668 
3285 
19669 
3286 
19670 
3287 
19671 
19672 
3289 
19673 
3290 
19674 
3291 
19675 
3292 
19676 
3293 
19677 
19678 
3295 
19679 
3296 
19680 
19681 
3298 
19682 
19683 
3300 
19684 
19685 
19686 
19687 
19688 
3305 
19689 
19690 
19691 
19692 
19693 
19694 
19695 
19696 
19697 
19698 
19699 
19700 
19701 
19702 
19703 
19704 
19705 
19706 
19707 
19708 
19709 
19710 
19711 
19712 
19713 
3330 
19714 
3331 
19715 
19716 
19717 
3334 
19718 
3335 
19719 
3336 
19720 
3337 
19721 
3338 
19722 
3339 
19723 
3340 
19724 
3341 
19725 
3342 
19726 
3343 
19727 
3344 
19728 
3345 
19729 
3346 
19730 
3347 
19731 
19732 
3349 
19733 
19734 
19735 
3352 
19736 
19737 
19738 
19739 
19740 
19741 
19742 
19743 
19744 
19745 
19746 
19747 
19748 
19749 
19750 
19751 
19752 
19753 
19754 
3371 
19755 
19756 
19757 
3374 
19758 
19759 
3376 
19760 
19761 
19762 
3379 
19763 
3380 
19764 
3381 
19765 
3382 
19766 
3383 
19767 
3384 
19768 
3385 
19769 
3386 
19770 
3387 
19771 
3388 
19772 
3389 
19773 
3390 
19774 
19775 
3392 
19776 
3393 
19777 
3394 
19778 
3395 
19779 
19780 
19781 
19782 
19783 
19784 
19785 
19786 
19787 
19788 
19789 
19790 
19791 
19792 
19793 
19794 
19795 
19796 
19797 
19798 
19799 
19800 
19801 
3418 
19802 
3419 
19803 
19804 
3421 
19805 
3422 
19806 
3423 
19807 
11616 
3424 
19808 
11617 
3425 
19809 
11618 
3426 
19810 
3427 
19811 
3428 
19812 
3429 
19813 
3430 
19814 
3431 
19815 
3432 
19816 
3433 
19817 
11626 
3434 
19818 
11627 
3435 
19819 
3436 
19820 
11629 
3437 
19821 
3438 
19822 
11631 
19823 
11632 
19824 
11633 
3441 
19825 
11634 
19826 
11635 
19827 
11636 
19828 
11637 
19829 
11638 
19830 
11639 
19831 
11640 
19832 
11641 
19833 
11642 
19834 
11643 
19835 
11644 
19836 
11645 
19837 
19838 
19839 
19840 
19841 
19842 
19843 
11652 
3460 
19844 
11653 
3461 
19845 
11654 
3463 
11656 
3464 
3465 
11658 
3466 
11659 
3467 
3468 
3469 
3470 
3471 
3472 
3473 
3474 
11667 
3475 
11668 
3476 
11669 
3477 
3478 
3479 
3480 
3481 
3482 
3483 
11676 
11677 
11678 
3486 
11685 
11686 
11687 
11691 
11692 
11700 
11701 
11702 
11703 
11704 
11705 
11706 
11707 
11708 
11709 
11710 
11711 
11712 
11713 
11714 
11715 
11716 
3524 
11717 
11718 
3526 
11719 
3527 
11720 
3529 
11722 
3530 
11723 
3531 
3532 
3533 
3534 
11727 
3535 
11728 
3536 
11729 
3537 
3538 
3539 
3540 
3541 
3542 
3543 
11736 
3544 
11737 
3545 
11738 
3546 
11739 
3547 
11740 
3548 
11741 
11742 
11743 
3551 
11744 
11745 
11746 
11747 
11748 
11749 
11750 
11751 
11752 
11753 
11766 
11768 
11777 
11781 
11782 
11783 
11784 
11785 
11786 
11787 
11788 
11789 
11790 
11791 
11792 
11793 
11794 
11795 
11796 
11797 
3608 
3609 
3610 
3611 
11804 
3612 
3613 
11806 
3614 
3615 
3616 
3617 
3618 
3619 
3620 
3621 
3623 
3624 
3628 
3629 
11849 
11850 
11851 
11852 
3670 
3672 
3674 
3675 
3676 
3677 
3679 
3680 
3681 
3682 
3683 
3684 
11877 
3685 
11878 
3686 
3687 
3688 
3689 
3690 
3691 
3692 
3693 
3694 
3695 
11888 
3696 
11889 
3697 
11890 
3698 
3700 
3701 
11894 
3705 
3706 
11909 
11910 
11911 
11912 
11913 
11914 
11915 
11917 
20119 
20120 
20121 
20122 
20123 
20124 
20125 
20126 
20127 
20128 
20129 
20130 
3747 
20131 
20132 
20133 
3750 
20134 
20135 
20136 
20137 
20138 
20139 
20140 
20141 
20142 
20143 
20144 
20145 
20146 
20147 
20148 
20149 
20150 
20151 
20152 
20153 
20154 
20155 
20156 
20157 
20158 
20159 
20160 
20161 
20162 
20163 
20164 
20165 
20166 
20167 
20168 
20169 
20170 
20171 
20172 
20173 
20174 
20175 
20176 
20177 
20178 
20179 
20180 
20181 
20182 
20183 
20184 
20185 
20186 
20187 
20188 
20189 
20190 
20191 
20192 
20193 
20194 
20195 
20196 
20197 
20198 
20199 
20200 
20201 
20202 
20203 
20204 
20205 
20206 
20207 
20208 
20209 
20210 
20211 
20212 
20213 
20214 
20215 
20216 
20217 
20218 
20219 
20220 
20221 
20222 
20223 
20224 
20225 
20226 
20227 
20228 
20229 
20230 
20231 
20232 
20233 
20234 
20235 
20236 
20237 
20238 
20394 
20395 
20396 
20397 
20398 
20399 
20400 
20401 
20402 
20403 
20404 
20405 
20406 
20407 
20408 
20409 
20410 
20411 
20412 
20413 
20414 
20415 
20416 
20417 
20418 
20419 
20420 
20421 
20422 
20423 
20424 
20425 
20426 
20427 
20428 
20429 
20430 
20431 
20432 
20433 
20434 
20435 
20436 
20437 
20438 
20439 
20440 
20441 
20442 
20443 
20444 
20445 
20446 
20447 
20448 
20449 
20450 
20451 
20452 
20453 
20454 
20455 
20456 
20457 
20458 
20459 
20460 
20461 
20462 
20463 
20464 
20465 
20466 
20467 
20468 
20469 
20470 
20471 
20472 
12285 
12286 
12287 
12291 
12293 
12297 
12298 
12299 
12300 
12301 
12302 
12304 
12305 
12319 
12320 
12321 
12322 
12324 
12325 
12326 
12327 
12328 
12329 
12336 
12337 
12338 
12339 
12340 
12341 
12343 
12344 
12345 
12346 
12348 
12349 
12351 
12352 
12353 
12354 
12355 
12356 
12366 
12367 
12372 
12374 
12378 
12379 
12380 
12384 
12386 
12393 
12395 
12399 
12400 
12401 
12402 
12403 
12404 
12405 
12406 
12407 
12408 
12409 
12410 
12411 
12412 
12413 
12414 
12415 
12416 
12417 
12419 
12420 
12421 
12422 
12423 
12424 
12425 
12427 
12428 
12429 
12433 
12435 
12439 
12440 
12441 
12445 
12446 
12448 
12449 
12450 
12451 
12452 
12453 
12454 
12455 
12456 
12457 
12463 
12464 
12465 
12466 
12467 
12468 
12469 
12470 
12471 
12472 
12473 
12474 
12475 
12476 
12477 
12478 
12479 
12480 
12481 
12482 
12483 
12484 
12485 
12486 
12487 
12488 
12489 
12490 
12491 
12492 
12493 
12494 
12495 
12496 
12497 
12498 
12499 
12500 
12502 
12503 
12504 
12505 
12506 
12508 
12509 
12513 
12514 
12515 
12521 
12522 
12523 
12524 
12525 
12526 
12527 
12529 
12530 
12531 
12532 
12540 
12541 
12542 
12543 
12544 
12545 
12546 
12547 
12548 
12549 
20746 
20747 
20748 
20749 
20750 
20751 
20752 
20753 
20754 
12563 
20755 
12564 
20756 
12565 
20757 
12566 
20758 
20759 
20760 
12569 
20761 
12570 
20762 
12571 
20763 
12572 
20764 
20765 
12574 
20766 
12575 
20767 
12576 
20768 
12577 
20769 
12578 
20770 
12579 
20771 
20772 
20773 
20774 
20775 
20776 
20777 
12586 
20778 
12587 
20779 
12588 
20780 
12589 
20781 
12590 
20782 
12591 
20783 
12592 
20784 
12593 
20785 
12594 
20786 
12595 
20787 
12596 
20788 
12597 
20789 
12598 
20790 
12599 
20791 
12600 
20792 
12601 
20793 
12602 
20794 
12603 
20795 
12604 
20796 
12605 
20797 
12606 
20798 
12607 
20799 
12608 
20800 
12609 
20801 
12610 
20802 
12611 
20803 
12612 
20804 
12613 
20805 
20806 
20807 
20808 
20809 
20810 
20811 
20812 
20813 
20814 
12623 
20815 
12624 
20816 
12625 
20817 
12626 
20818 
12627 
20819 
12628 
20820 
20821 
20822 
20823 
20824 
20825 
20826 
20827 
20828 
20829 
12638 
20830 
12639 
20831 
12640 
20832 
12641 
20833 
12642 
20834 
12643 
20835 
12644 
20836 
12645 
20837 
12646 
20838 
20839 
12648 
20840 
12649 
20841 
12650 
20842 
12651 
20843 
12652 
20844 
12653 
20845 
12654 
20846 
12655 
20847 
12656 
20848 
12657 
20849 
12658 
20850 
12659 
20851 
12660 
20852 
12661 
20853 
12662 
20854 
20855 
20856 
20857 
20858 
20859 
20860 
20861 
20862 
20863 
20864 
20865 
12737 
12738 
12739 
12740 
12743 
12747 
12748 
12749 
12750 
12751 
12752 
12754 
12756 
12757 
12758 
12759 
12760 
12761 
12762 
12763 
12764 
12765 
12766 
4575 
12767 
4576 
12768 
4577 
12769 
12770 
12771 
12772 
12773 
12774 
12775 
12776 
12777 
12778 
4587 
12779 
4588 
12780 
4589 
12781 
4590 
12782 
12783 
12784 
12785 
12786 
12792 
12793 
12794 
4603 
4604 
12796 
4605 
4606 
12798 
12799 
12800 
12801 
12802 
12803 
12807 
12810 
12811 
12812 
4627 
4628 
4629 
4630 
4631 
4632 
4633 
4634 
4635 
21021 
21022 
21023 
21024 
21025 
21026 
21027 
21028 
21029 
21030 
21031 
21032 
21033 
21034 
21035 
21036 
21037 
21038 
4654 
21039 
4655 
21040 
4656 
21041 
4657 
12849 
21042 
4658 
12850 
21043 
4659 
12851 
21044 
4660 
12852 
21045 
4661 
12853 
21046 
12854 
21047 
12855 
21048 
21049 
21050 
21051 
21052 
21053 
12861 
21054 
12862 
21055 
12863 
21056 
21057 
12865 
21058 
21059 
12867 
21060 
21061 
21062 
21063 
21064 
21065 
12873 
21066 
12874 
21067 
12875 
21068 
12876 
21069 
4685 
12877 
21070 
4686 
12878 
21071 
4687 
21072 
21073 
21074 
12882 
21075 
21076 
21077 
12885 
21078 
12886 
21079 
12887 
21080 
12888 
21081 
21082 
21083 
12891 
21084 
12892 
21085 
12893 
21086 
12894 
21087 
12895 
21088 
12896 
21089 
12897 
21090 
12898 
21091 
12899 
21092 
12900 
21093 
12901 
21094 
12902 
21095 
12903 
21096 
4712 
12904 
21097 
4713 
12905 
21098 
4714 
12906 
21099 
12909 
12913 
12914 
12915 
12916 
12917 
12918 
12920 
12922 
12923 
12924 
4738 
12930 
4739 
4740 
4741 
4744 
12983 
12984 
12985 
12986 
12997 
12998 
12999 
13000 
13001 
5128 
5134 
5135 
5136 
5140 
5141 
5142 
5152 
5153 
5155 
5156 
5157 
5159 
5160 
5161 
5162 
5163 
5164 
5165 
5166 
5167 
5168 
5169 
5170 
5171 
5172 
5174 
5193 
5194 
5195 
5196 
5197 
5198 
5199 
5200 
5201 
5232 
5233 
5234 
5235 
5236 
5237 
5238 
5239 
5240 
5241 
5242 
5243 
5244 
5245 
5246 
5247 
5248 
5249 
5250 
5251 
5282 
5283 
5284 
5285 
5288 
5322 
5323 
5324 
5325 
5326 
5327 
5328 
5329 
5330 
5332 
5333 
5382 
5383 
5384 
5386 
5388 
5389 
5390 
5391 
5392 
5393 
5394 
5395 
5396 
5398 
5399 
5400 
5445 
5446 
5448 
5449 
5450 
5451 
5452 
5453 
5454 
5458 
5459 
5460 
5510 
5512 
5519 
14017 
14018 
14019 
14104 
14105 
14106 
14107 
14108 
14109 
14119 
14120 
14121 
14122 
14123 
14124 
14125 
14126 
14127 
14134 
14135 
14136 
14137 
14138 
14139 
14140 
14141 
14142 
14143 
14144 
14145 
14170 
14171 
14172 
14173 
14174 
14175 
14191 
14192 
14193 
14194 
14195 
14196 
14197 
14198 
14199 
14212 
14213 
14214 
14239 
14240 
14241 
14242 
14243 
14244 
6161 
6166 
6170 
6171 
6172 
6173 
6174 
6175 
6179 
6184 
6203 
6204 
6205 
6206 
6207 
6232 
6237 
6238 
6239 
6240 
6241 
6242 
6243 
6244 
6245 
6246 
6247 
6248 
6249 
6252 
6274 
6275 
6276 
6277 
6278 
6279 
6280 
6281 
6282 
6301 
6306 
6307 
6308 
6309 
6310 
6311 
6312 
6313 
6314 
6317 
6360 
6361 
6362 
6363 
6385 
6386 
6387 
6403 
6412 
6413 
6414 
6418 
14641 
14642 
14643 
14671 
14672 
14673 
14674 
14675 
14676 
14695 
14696 
14697 
14698 
14699 
14700 
14701 
14702 
14703 
14704 
14705 
14706 
14707 
14708 
14709 
14731 
14732 
14733 
14734 
14735 
14736 
14737 
14738 
14739 
14755 
14756 
14757 
14758 
14759 
14760 
14761 
14762 
14763 
14764 
14765 
14766 
14800 
14801 
14802 
14803 
14804 
14805 
14806 
14807 
14808 
14830 
14831 
14832 
14833 
14834 
14835 
14836 
14837 
14838 
14839 
14840 
14841 
14887 
14888 
14889 
14890 
14891 
14892 
14893 
14894 
14895 
14896 
14897 
14898 
14902 
14903 
14904 
7012 
7013 
7014 
7017 
7021 
7022 
7023 
7024 
7025 
7033 
7034 
7035 
7039 
7040 
7042 
7043 
7044 
7048 
7049 
7050 
7052 
7053 
7054 
7055 
7056 
7058 
7059 
7060 
7061 
7062 
7071 
7075 
7121 
7122 
7124 
7127 
7129 
7130 
7132 
7133 
7134 
7135 
7136 
7137 
7138 
7139 
7140 
7141 
7142 
7143 
7146 
7147 
7149 
7150 
7152 
7154 
7155 
7197 
7198 
7199 
7200 
7201 
7205 
7208 
7209 
7210 
7211 
7212 
7213 
7214 
7215 
7216 
7217 
7218 
7219 
7220 
7221 
7222 
7223 
7224 
7225 
7226 
15418 
7227 
15419 
7228 
15420 
7229 
15421 
7230 
15422 
7231 
15423 
7232 
15424 
7233 
15425 
15426 
7235 
15427 
15428 
15429 
7238 
15430 
7239 
15431 
7240 
15432 
7243 
15448 
15449 
15450 
15451 
15452 
15453 
15454 
15455 
15456 
15457 
15458 
15459 
7280 
7281 
7282 
15475 
15476 
7285 
15477 
15478 
15479 
15480 
7289 
7290 
7291 
7292 
7293 
7294 
7295 
7302 
15517 
15518 
15519 
15520 
7329 
15521 
15522 
15523 
7332 
15524 
7333 
15525 
7334 
15526 
15527 
15528 
15529 
7338 
15530 
7339 
15531 
7340 
15532 
7341 
15533 
7342 
15534 
7343 
7344 
7345 
7346 
7347 
7348 
7349 
7350 
7351 
7352 
7353 
7354 
7355 
15547 
7356 
15548 
7357 
15549 
7358 
15550 
7359 
15551 
15552 
15553 
15554 
15555 
7366 
7367 
7368 
7421 
7422 
7423 
7424 
7426 
7427 
7428 
7429 
7430 
7431 
7432 
7433 
7434 
7435 
7437 
7438 
7439 
7517 
7521 
7524 
7525 
7528 
7529 
7530 
7531 
7532 
7533 
7534 
7535 
7536 
7537 
7538 
7539 
7540 
7541 
7542 
7543 
7544 
7545 
7546 
7547 
7548 
7549 
7551 
7553 
7554 
7559 
7560 
7561 
7564 
7620 
7621 
7623 
7625 
7626 
7628 
7631 
7633 
7636 
7638 
7639 
7640 
7641 
7642 
7643 
7644 
7645 
7646 
7648 
7649 
7653 
7656 
7658 
7663 
7664 
7666 
15895 
15896 
15897 
15898 
15899 
15900 
15901 
15902 
15903 
15904 
15905 
15906 
15907 
15908 
15909 
7718 
15910 
15911 
15912 
15913 
15914 
15915 
15916 
7725 
15917 
15918 
7727 
15919 
15920 
15921 
15931 
15932 
15933 
15934 
15935 
15936 
15937 
15938 
15939 
15940 
15941 
15942 
15943 
15944 
15945 
15946 
15947 
15948 
15955 
15956 
15957 
15958 
15959 
15960 
15961 
15962 
15963 
15964 
15965 
15966 
15979 
15980 
15981 
15982 
15983 
15984 
15985 
15986 
15987 
15988 
15989 
15990 
15991 
15992 
15993 
15994 
15995 
15996 
15997 
15998 
15999 
16000 
16001 
16002 
16012 
16013 
16014 
16015 
16016 
16017 
16018 
16019 
16020 
16021 
16022 
16023 
16024 
16025 
16026 
16027 
16028 
16029 
16030 
16031 
16032 
16033 
16034 
16035 
16036 
16037 
16038 
16066 
16067 
16068 
16069 
16070 
16071 
16072 
16073 
16074 
16075 
16076 
16077 
16078 
16079 
16080 
16081 
16082 
16083 
16084 
16085 
16086 
16123 
16124 
16125 
16126 
16127 
16128 
16156 
16157 
16158 
16162 
16163 
16164 
16165 
16166 
16167 
16168 
16169 
16170 
16171 
16172 
16173 
16174 
16175 
16176 
16177 
16178 
16179 
)

// ************************************************************************* //
