/*--------------------------------*- C++ -*----------------------------------*\
| =========                 |                                                 |
| \\      /  F ield         | OpenFOAM: The Open Source CFD Toolbox           |
|  \\    /   O peration     | Version:  5.x                                   |
|   \\  /    A nd           | Web:      www.OpenFOAM.org                      |
|    \\/     M anipulation  |                                                 |
\*---------------------------------------------------------------------------*/
FoamFile
{
    version     2.0;
    format      ascii;
    class       cellSet;
    location    "constant/polyMesh/sets";
    object      region3;
}
// * * * * * * * * * * * * * * * * * * * * * * * * * * * * * * * * * * * * * //


3424
(
16393 
16394 
16395 
16396 
16397 
16398 
16399 
16400 
16401 
16402 
16403 
16404 
16405 
16406 
16407 
16408 
16409 
16410 
16411 
16412 
16413 
8224 
8229 
8230 
8231 
8232 
8233 
8234 
8236 
8237 
8238 
8239 
8240 
8241 
8243 
8244 
8245 
8246 
8247 
8248 
8249 
8250 
8251 
8252 
8254 
8255 
8256 
8257 
8258 
8259 
8261 
8262 
8263 
8268 
8273 
8274 
8276 
16648 
16649 
16650 
16651 
16652 
16653 
16663 
16664 
16665 
16666 
16667 
16668 
16675 
16676 
16677 
16678 
16679 
16680 
16681 
16682 
16683 
16696 
16697 
16698 
16699 
16700 
16701 
16711 
16712 
16713 
16876 
16877 
16878 
16879 
16880 
16881 
16882 
16883 
16884 
16885 
16886 
16887 
16903 
16904 
16905 
16915 
16916 
16917 
16918 
16919 
16920 
16921 
16922 
16923 
16924 
16925 
16926 
16927 
16928 
16929 
16957 
16958 
16959 
16960 
16961 
16962 
16963 
16964 
16965 
16993 
16994 
16995 
16996 
16997 
16998 
16999 
17000 
17001 
17002 
17003 
17004 
17005 
17006 
17007 
17008 
17009 
17010 
17014 
17015 
17016 
17017 
17018 
17019 
17020 
17021 
17022 
17023 
17024 
17025 
17038 
17039 
17040 
17041 
17042 
17043 
662 
8870 
8871 
8872 
8873 
17065 
8874 
17066 
17067 
17068 
17069 
17070 
17071 
17072 
17073 
17074 
17075 
17076 
8885 
8886 
8887 
17080 
17081 
17082 
699 
700 
701 
702 
703 
704 
8900 
8901 
8902 
8912 
8913 
8914 
8915 
8916 
8917 
8918 
8919 
738 
739 
740 
741 
742 
743 
8936 
744 
8937 
8953 
8954 
8955 
8956 
8957 
8958 
8959 
8961 
778 
779 
780 
781 
782 
783 
784 
785 
818 
17218 
17219 
17220 
17221 
17222 
17223 
851 
852 
853 
854 
855 
856 
857 
858 
17242 
17243 
17244 
17245 
17246 
17247 
17248 
17249 
17250 
17251 
17252 
17253 
17254 
17255 
17256 
892 
893 
894 
895 
896 
897 
17299 
9108 
17300 
17301 
9110 
9114 
9115 
9116 
9117 
9118 
9119 
9121 
9122 
9123 
931 
9124 
932 
9125 
933 
9126 
934 
9127 
935 
9128 
936 
9129 
9130 
9131 
9132 
9134 
9146 
9147 
9149 
9150 
9151 
9153 
9154 
9191 
9192 
9193 
9200 
9201 
9202 
9203 
9204 
9205 
9206 
9207 
9208 
9209 
9210 
9211 
9212 
9225 
9226 
9227 
9228 
9229 
9230 
9231 
9232 
9233 
9234 
9235 
9269 
9270 
9271 
9272 
9273 
9274 
9286 
9287 
9288 
9289 
9290 
17482 
9291 
17483 
9292 
17484 
9293 
17485 
17486 
17487 
17488 
17489 
17490 
9314 
9316 
9317 
9318 
9320 
9321 
9322 
9323 
9324 
9325 
9326 
9327 
9328 
9330 
9331 
9332 
17524 
9333 
17525 
9334 
17526 
17587 
17588 
17589 
17590 
17591 
17592 
17593 
17594 
17595 
17596 
17597 
17598 
17599 
17600 
17601 
17602 
17603 
17604 
17605 
17606 
17607 
17608 
17609 
17610 
17641 
17642 
17643 
17644 
17645 
17646 
17647 
17648 
17649 
17650 
17651 
17652 
17653 
17654 
17655 
17656 
17657 
17658 
17659 
17660 
17661 
9516 
9517 
9518 
17710 
9519 
17711 
9520 
17712 
9521 
17713 
17714 
17715 
9525 
9526 
9527 
9546 
9548 
17743 
17744 
17745 
17746 
17747 
17748 
17749 
17750 
17751 
9579 
9580 
9581 
9582 
9583 
9584 
9603 
9604 
9605 
9606 
9607 
9608 
9609 
9610 
9611 
9612 
9613 
9614 
9616 
9617 
9627 
9628 
9629 
9630 
9631 
9632 
9633 
9634 
9635 
9636 
9637 
9638 
9639 
9640 
9641 
9642 
9643 
9644 
9645 
9646 
9647 
9648 
9649 
9650 
9651 
9652 
9653 
9654 
9655 
9656 
9657 
9658 
9659 
9660 
9661 
9662 
17857 
17858 
17859 
17860 
17861 
17862 
17866 
17867 
17868 
17869 
17870 
17871 
17875 
17876 
17877 
17878 
17879 
17880 
17887 
17888 
17889 
17890 
17891 
17892 
9702 
9703 
9704 
9705 
9706 
9707 
9719 
9720 
9722 
9723 
9724 
9725 
9726 
9727 
9728 
9729 
9730 
17977 
17978 
17979 
17995 
17996 
17997 
17998 
17999 
18000 
18136 
18137 
18138 
18139 
18140 
18141 
18142 
18143 
18144 
18145 
18146 
18147 
18169 
18170 
18171 
18172 
18173 
18174 
9992 
9993 
9994 
9996 
9997 
9998 
9999 
10000 
10001 
10002 
10003 
10010 
10011 
10012 
10016 
10017 
10018 
10019 
10020 
10021 
10025 
10026 
10027 
10028 
10029 
10030 
10031 
10032 
10034 
10035 
10036 
1854 
1856 
1857 
1859 
1860 
1862 
1863 
1864 
1865 
1866 
1868 
1869 
1871 
10080 
10081 
10082 
10083 
10084 
10085 
10086 
10087 
10088 
10089 
10090 
10091 
10095 
1904 
10097 
1905 
1906 
1907 
1908 
1909 
1910 
1911 
1912 
1952 
1954 
1955 
1956 
1957 
1958 
1959 
1960 
10155 
10156 
10157 
10158 
10159 
10160 
10179 
10180 
10181 
10182 
10183 
1991 
10184 
1992 
1993 
1994 
1995 
10188 
1996 
10189 
1997 
1998 
10191 
1999 
10192 
2000 
10193 
10194 
10195 
10196 
10197 
10198 
10199 
10200 
10201 
10202 
10203 
10204 
10205 
10206 
10207 
10208 
10209 
10210 
10211 
10212 
10213 
10214 
10215 
10216 
10217 
10218 
10219 
10220 
10221 
10222 
10223 
2031 
10224 
2032 
10225 
2033 
10226 
2034 
10227 
2035 
10228 
2036 
10229 
2037 
10230 
2038 
10231 
2039 
10232 
2040 
10233 
2041 
10234 
2042 
10235 
2043 
18427 
10236 
2044 
18428 
10237 
2045 
18429 
10238 
2046 
18430 
10239 
2047 
18431 
10240 
18432 
10241 
10242 
10243 
10244 
10245 
10246 
10247 
10248 
10249 
10250 
10251 
10252 
10253 
10254 
10255 
10256 
18448 
10257 
18449 
10258 
18450 
10259 
18451 
10260 
18452 
10261 
18453 
10262 
18454 
10263 
18455 
10264 
18456 
10265 
10266 
10267 
10268 
18460 
18461 
18462 
2085 
2086 
2087 
2088 
2089 
2090 
2091 
18481 
18482 
18483 
18484 
18485 
18486 
18487 
18488 
18489 
18490 
18491 
10300 
18492 
10301 
18493 
18494 
18495 
10305 
10306 
10307 
10308 
10309 
10310 
10311 
10312 
10313 
10314 
10315 
10316 
2124 
10317 
2125 
10318 
2126 
10319 
2127 
10320 
2128 
10321 
2129 
10322 
2130 
10323 
2131 
10324 
2132 
10325 
10326 
10327 
10328 
18520 
10329 
18521 
10330 
18522 
10331 
18523 
10332 
18524 
10333 
18525 
10334 
18526 
10335 
18527 
10336 
18528 
10337 
10338 
10339 
10340 
18532 
10341 
18533 
10342 
18534 
10343 
10344 
10345 
10346 
10347 
10348 
10349 
10350 
10351 
10352 
10353 
10354 
10355 
10356 
10357 
10358 
10359 
10360 
10361 
10362 
2170 
10363 
10364 
2173 
10368 
2176 
10369 
2177 
2178 
2179 
2182 
2185 
10437 
10438 
10439 
10446 
10447 
10448 
10449 
10450 
10451 
10455 
10456 
10457 
10495 
10497 
10504 
10506 
10510 
10511 
10512 
10513 
10514 
10515 
10569 
10570 
10571 
10578 
10579 
10580 
10581 
10582 
10583 
10587 
10588 
10589 
10593 
10594 
10595 
10596 
10597 
10598 
18791 
18792 
18793 
10602 
18794 
10603 
18795 
10604 
18796 
18797 
18798 
18799 
18800 
18801 
18802 
18803 
18804 
18805 
10614 
18806 
10615 
18807 
10616 
18808 
10617 
18809 
10618 
18810 
10619 
18811 
18812 
10621 
18813 
10622 
18814 
18815 
18816 
18817 
18818 
18819 
18820 
18821 
18822 
18823 
18824 
18825 
18826 
18827 
18828 
18829 
18830 
18831 
18832 
18833 
18834 
18835 
18836 
18837 
18838 
18839 
18840 
18841 
18842 
18843 
18844 
18845 
18846 
18847 
18848 
18849 
18850 
18851 
18852 
18853 
18854 
18855 
18856 
18857 
18858 
18859 
18860 
18861 
18862 
18863 
18864 
18865 
18866 
18867 
18868 
18869 
18870 
18871 
18872 
18873 
18874 
18875 
18876 
18877 
18878 
18879 
18880 
18881 
18882 
18883 
18884 
18885 
18886 
18887 
18888 
18889 
18890 
18891 
18892 
18893 
18894 
18895 
18896 
18897 
18898 
18899 
18900 
18901 
18902 
18903 
18904 
18905 
18906 
18907 
18908 
18909 
18910 
18911 
18912 
18913 
18914 
18915 
18916 
18917 
18918 
18919 
18920 
18921 
18922 
18923 
18924 
18925 
18926 
18927 
18928 
18929 
18930 
18931 
18932 
18933 
18934 
18935 
18936 
18937 
18938 
18939 
18940 
18941 
18942 
18943 
18944 
18945 
18946 
18947 
18948 
18949 
18950 
18951 
18952 
18953 
18954 
18955 
18956 
18957 
18958 
18959 
18960 
18961 
18962 
18963 
18964 
18965 
18966 
18967 
18968 
18969 
18970 
18971 
18972 
18973 
18974 
18975 
18976 
18977 
18978 
18979 
18980 
18981 
18982 
18983 
18984 
18985 
18986 
18987 
18988 
18989 
18990 
18991 
18992 
18993 
18994 
18995 
18996 
18997 
18998 
18999 
19000 
19001 
19002 
19003 
19004 
19005 
19006 
19007 
19008 
19009 
19010 
19011 
19012 
19013 
19014 
19015 
19016 
19017 
19018 
19019 
2649 
2650 
2652 
2653 
2654 
2655 
2656 
2658 
10863 
10864 
10865 
10867 
10868 
10872 
10873 
10874 
2687 
2689 
2690 
10883 
2713 
2714 
2715 
10908 
2716 
10909 
2717 
10910 
2718 
10911 
2719 
10912 
2720 
10913 
2721 
2722 
2723 
2724 
2725 
2726 
2727 
2728 
2729 
2730 
2731 
10938 
10939 
10941 
10942 
10943 
10944 
10945 
10946 
10948 
10950 
2758 
10951 
2759 
10952 
2760 
2761 
2762 
2763 
2764 
2765 
2766 
2767 
2768 
2769 
2770 
2771 
2772 
2773 
2791 
2792 
2793 
2794 
2795 
2796 
2797 
2798 
2799 
2800 
2801 
2802 
2803 
2804 
2805 
2806 
2807 
2835 
2836 
2837 
2838 
2839 
2840 
2841 
2842 
2843 
2844 
2845 
2846 
2847 
2848 
2849 
2850 
2880 
2881 
2909 
2910 
2911 
2912 
11159 
11160 
11161 
11163 
11165 
11166 
11168 
11169 
11170 
11178 
11180 
11181 
11182 
11219 
11220 
11221 
11223 
11224 
19418 
19419 
11228 
19420 
11229 
19421 
11230 
19422 
11231 
19423 
11232 
19424 
11233 
19425 
11234 
19426 
11235 
19427 
11236 
19428 
19429 
19430 
19431 
11240 
19432 
11241 
19433 
19434 
11243 
19435 
11244 
19436 
11245 
19437 
19438 
19439 
19440 
19441 
19442 
19443 
19444 
19445 
19446 
19447 
19448 
19449 
19450 
19451 
19452 
19453 
19454 
19455 
19456 
19457 
19458 
19459 
19460 
19461 
19462 
19463 
19464 
19465 
19466 
19467 
19468 
11277 
19469 
19470 
19471 
19472 
19473 
19474 
19475 
19476 
19477 
19478 
19479 
19480 
19481 
19482 
19483 
19484 
19485 
19486 
11295 
19487 
11296 
19488 
11297 
19489 
11298 
19490 
11299 
19491 
11300 
19492 
11301 
19493 
11302 
19494 
11303 
19495 
11304 
19496 
11305 
19497 
11306 
19498 
19499 
19500 
19501 
19502 
19503 
19504 
19505 
19506 
19507 
19508 
19509 
19510 
19511 
19512 
19513 
19514 
19515 
19516 
19517 
19518 
19519 
19520 
19521 
19522 
19523 
19524 
19525 
19526 
19527 
19528 
19529 
19530 
19531 
19532 
19533 
19534 
11343 
19535 
11344 
19536 
11345 
19537 
11346 
19538 
11347 
19539 
11348 
19540 
19541 
19542 
19543 
19544 
19545 
19546 
19547 
19548 
19549 
19550 
19551 
19552 
19553 
19554 
19555 
19556 
19557 
19558 
19559 
19560 
19561 
19562 
19563 
19564 
19565 
19566 
19567 
19568 
19569 
19570 
11379 
19571 
19572 
19573 
19574 
19575 
19576 
19577 
11386 
19578 
19579 
19580 
19581 
19582 
19583 
19584 
19585 
19586 
19587 
19588 
19589 
19590 
19591 
19592 
19593 
19594 
19595 
19596 
19597 
19598 
11407 
19599 
11408 
19600 
11409 
19601 
11410 
19602 
11411 
19603 
11412 
19604 
11413 
19605 
11414 
19606 
11415 
19607 
11416 
19608 
11417 
19609 
11418 
19610 
19611 
11420 
19612 
11421 
19613 
19614 
19615 
19616 
19617 
19618 
19619 
19620 
19621 
19622 
19623 
19624 
19625 
19626 
19627 
19628 
19629 
19630 
19631 
19632 
19633 
19634 
19635 
19636 
19637 
19638 
19639 
19640 
19641 
19642 
19643 
19644 
19645 
19646 
11470 
11471 
11472 
11473 
11474 
11475 
11476 
11477 
11478 
11479 
11487 
11488 
11489 
11491 
3555 
3558 
3559 
3560 
3563 
3565 
3566 
3567 
3568 
3569 
3571 
3572 
3573 
3574 
3575 
3578 
19975 
19976 
19977 
19978 
19979 
19980 
19981 
19982 
19983 
19984 
19985 
19986 
19987 
19988 
19989 
19990 
19991 
19992 
19993 
19994 
19995 
19996 
19997 
19998 
11807 
19999 
11808 
20000 
11809 
20001 
11810 
20002 
11811 
20003 
11812 
20004 
20005 
20006 
20007 
11816 
20008 
20009 
20010 
11819 
20011 
11820 
20012 
11821 
20013 
11822 
20014 
11823 
20015 
11824 
20016 
11825 
20017 
11826 
3634 
20018 
3635 
20019 
11828 
20020 
11829 
20021 
11830 
3638 
20022 
11831 
3639 
20023 
11832 
20024 
11833 
3641 
20025 
11834 
3642 
20026 
11835 
20027 
11836 
3644 
20028 
20029 
20030 
20031 
11840 
20032 
11841 
20033 
20034 
20035 
20036 
20037 
11846 
20038 
20039 
20040 
20041 
20042 
20043 
20044 
20045 
20046 
20047 
20048 
20049 
20050 
11859 
20051 
11860 
20052 
11861 
20053 
20054 
20055 
20056 
11865 
20057 
20058 
11867 
20059 
20060 
20061 
20062 
20063 
20064 
20065 
20066 
20067 
20068 
20069 
20070 
20071 
11880 
20072 
11881 
20073 
20074 
20075 
20076 
11885 
20077 
11886 
20078 
11887 
20079 
20080 
20081 
20082 
20083 
20084 
20085 
20086 
20087 
20088 
20089 
20090 
20091 
20092 
20093 
20094 
3711 
20095 
20096 
20097 
20098 
20099 
3716 
20100 
3717 
20101 
3718 
20102 
3719 
20103 
20104 
20105 
3722 
20106 
20107 
20108 
20109 
20110 
20111 
20112 
20113 
20114 
20115 
11924 
20116 
11925 
20117 
20118 
11927 
11928 
11929 
11930 
11931 
11932 
11934 
11935 
11942 
11943 
11944 
11945 
11946 
11947 
11948 
11949 
11950 
11951 
3759 
11952 
3760 
11953 
3761 
11954 
11955 
11956 
3764 
11957 
3765 
11958 
3766 
11959 
3767 
11960 
3768 
11961 
3769 
11962 
3770 
11963 
3771 
11964 
3772 
11965 
3773 
11966 
3774 
11967 
3775 
11968 
3776 
11969 
3777 
11970 
3778 
11971 
3779 
11972 
3780 
11973 
3781 
11974 
3782 
11975 
3783 
11976 
3784 
11977 
3785 
11978 
3786 
11979 
3787 
11980 
3788 
11981 
3789 
11982 
3790 
11983 
3791 
11984 
3792 
11985 
3793 
11986 
3794 
11987 
3795 
11988 
3796 
11989 
3797 
11990 
3798 
11991 
3799 
11992 
3800 
11993 
3801 
11994 
3802 
11995 
3803 
11996 
3804 
11997 
3805 
11998 
3806 
11999 
3807 
12000 
3808 
3809 
3810 
12037 
12038 
12039 
12040 
12041 
12042 
12049 
12050 
12051 
3859 
12054 
3862 
3863 
3864 
3865 
3866 
3867 
3868 
3869 
3870 
3871 
3872 
3873 
3874 
3875 
3876 
3877 
3878 
3879 
3880 
3881 
3882 
3883 
3884 
3885 
3886 
3887 
3888 
3889 
3890 
3891 
3892 
3893 
3894 
3895 
3896 
3897 
3898 
3899 
3900 
3901 
3902 
12095 
3903 
12096 
3904 
12097 
3905 
3906 
12099 
3907 
3908 
3911 
12111 
12112 
12113 
12115 
12116 
20309 
20310 
20311 
20312 
20313 
20314 
20315 
20316 
20317 
20318 
20319 
20320 
20321 
20322 
20323 
20324 
20325 
20326 
20327 
20328 
20329 
20330 
20331 
20332 
20333 
20334 
20335 
20336 
20337 
20338 
20339 
20340 
20341 
20342 
20343 
20344 
20345 
20346 
20347 
20348 
20349 
20350 
20351 
20352 
20353 
20354 
20355 
20356 
20357 
3974 
20358 
20359 
20360 
20361 
20362 
3979 
20363 
3980 
20364 
3981 
20365 
3982 
20366 
3983 
20367 
3984 
20368 
3985 
20369 
20370 
20371 
3988 
20372 
20373 
20374 
20375 
20376 
20377 
20378 
20379 
20380 
20381 
20382 
20383 
20384 
20385 
20386 
20387 
20388 
20389 
20390 
20391 
20392 
20393 
4038 
4040 
4041 
4044 
4045 
4047 
4049 
4050 
4105 
4108 
4109 
4110 
4112 
4113 
4114 
4115 
4117 
4118 
4119 
4120 
4121 
4122 
4124 
4125 
4126 
4127 
4131 
4135 
20602 
20603 
20604 
20605 
20606 
20607 
20608 
20609 
20610 
20611 
20612 
20613 
20614 
20615 
20616 
20617 
20618 
20619 
20620 
20621 
20622 
20623 
20624 
20625 
20626 
20627 
20628 
20629 
20630 
20631 
20632 
20633 
20634 
20635 
20636 
20637 
20638 
20639 
20640 
20641 
20642 
20643 
20644 
20645 
20646 
20647 
20648 
20649 
20650 
20651 
20652 
20653 
20654 
20655 
20656 
20657 
20658 
20659 
20660 
20661 
20662 
20663 
20664 
20665 
20666 
20667 
20668 
20669 
20670 
20671 
20672 
20673 
20674 
20675 
20676 
20677 
20678 
20679 
20680 
20681 
20682 
20683 
20684 
20685 
20686 
20687 
20688 
20689 
20690 
20691 
20692 
20693 
20694 
20695 
20696 
20697 
20698 
20699 
20700 
20701 
20702 
20703 
20704 
20705 
20706 
20707 
20708 
20709 
20710 
20711 
20712 
20713 
20714 
20715 
20716 
20717 
20718 
20719 
20720 
20721 
20722 
20723 
20724 
20725 
20726 
20727 
20728 
20729 
20730 
20731 
20732 
20733 
20734 
20735 
20736 
20737 
20738 
20739 
20740 
20741 
20742 
20743 
20744 
20745 
12669 
12670 
12672 
12673 
12674 
12680 
12685 
12686 
12690 
12691 
12692 
12693 
12694 
12695 
12696 
12697 
12698 
12700 
12701 
12702 
12703 
12704 
12705 
12706 
12707 
12710 
12714 
12715 
12716 
12717 
12718 
12719 
12723 
12724 
12725 
12727 
12728 
20936 
20937 
20938 
20939 
20940 
20941 
20942 
20943 
20944 
20945 
20946 
20947 
20948 
20949 
20950 
20951 
20952 
20953 
20954 
20955 
20956 
20957 
20958 
20959 
20960 
20961 
20962 
20963 
20964 
20965 
20966 
20967 
20968 
20969 
20970 
20971 
20972 
20973 
20974 
20975 
20976 
20977 
20978 
20979 
20980 
20981 
20982 
20983 
20984 
20985 
20986 
20987 
20988 
20989 
20990 
20991 
20992 
20993 
20994 
20995 
20996 
20997 
20998 
20999 
21000 
21001 
21002 
21003 
21004 
21005 
21006 
12814 
21007 
21008 
12816 
21009 
12817 
21010 
12818 
21011 
21012 
21013 
21014 
21015 
21016 
21017 
12825 
21018 
21019 
12827 
21020 
12831 
12832 
12833 
12837 
12838 
12839 
12841 
4665 
4667 
4668 
4669 
4670 
4671 
4691 
4692 
4693 
4694 
4695 
4696 
4697 
4698 
4699 
4700 
4701 
4721 
4722 
4723 
4724 
12931 
12932 
12933 
12934 
12935 
12936 
4748 
4749 
4750 
12943 
4751 
12944 
4752 
12945 
4753 
12948 
12952 
12953 
12954 
12958 
12959 
4769 
4770 
12964 
12967 
12968 
12969 
12976 
12977 
12978 
12979 
12980 
12981 
4789 
4790 
4791 
4792 
4793 
4794 
4813 
4814 
4815 
4816 
4817 
4818 
4819 
4820 
4821 
4822 
4823 
13021 
13022 
13023 
13024 
13025 
13026 
13027 
13028 
4837 
13030 
4838 
13031 
4839 
13032 
4840 
13033 
4841 
13034 
13035 
13037 
13038 
13039 
13040 
13041 
13042 
13043 
13044 
13045 
13046 
13047 
13048 
13049 
13050 
13051 
13052 
13053 
13054 
13055 
13056 
13057 
13058 
13059 
13060 
13061 
13062 
13063 
13064 
13065 
13066 
13067 
13068 
13069 
13070 
13071 
13072 
13073 
13074 
13075 
13076 
13077 
13078 
13079 
13080 
13081 
13082 
13083 
13084 
13085 
13086 
13087 
13088 
13089 
13090 
13091 
13092 
13093 
13094 
13095 
13096 
13097 
13098 
13099 
13100 
13101 
13102 
13103 
13104 
13105 
13106 
13107 
13108 
13109 
13110 
13111 
13112 
13113 
13114 
13115 
13116 
13117 
13118 
13119 
13120 
13121 
13122 
13123 
13124 
13125 
13126 
13127 
13128 
13129 
13130 
13131 
13132 
13133 
13134 
13135 
13136 
13137 
13138 
13139 
13140 
13141 
13142 
13143 
13144 
13145 
13146 
13147 
13148 
13149 
13150 
13229 
13230 
13232 
13233 
13234 
13235 
13236 
13237 
13239 
13240 
13241 
13242 
13243 
13244 
13245 
13246 
13247 
13248 
13249 
13250 
13251 
13252 
13253 
13254 
13255 
13256 
13257 
13258 
13259 
13260 
13261 
13262 
13263 
13264 
13265 
13266 
13267 
13268 
13269 
13270 
13271 
13272 
13273 
13274 
13275 
13276 
13277 
13278 
13279 
13280 
13281 
13282 
13283 
13284 
13285 
13286 
13287 
13288 
13289 
13290 
13291 
13292 
13293 
13294 
13295 
13296 
13297 
13298 
13299 
13300 
13301 
13303 
13304 
13305 
13306 
13307 
13308 
13310 
13311 
13376 
13377 
13381 
13382 
13383 
13387 
13390 
13391 
13392 
13399 
13400 
13401 
13402 
13403 
13404 
13405 
13406 
13407 
13411 
13412 
13471 
13472 
13473 
13477 
13479 
13486 
13488 
13492 
13493 
13494 
13502 
13504 
13505 
13506 
5343 
5344 
5349 
5350 
5351 
5353 
5354 
5355 
5356 
5357 
5358 
5359 
5360 
5362 
5365 
5366 
13575 
13576 
13577 
13581 
13582 
13587 
13590 
13591 
13592 
13595 
5406 
5407 
13599 
13600 
5409 
13601 
5410 
13602 
5411 
13603 
13604 
5413 
13605 
5414 
13606 
5415 
5416 
13608 
5417 
13609 
5418 
13610 
5419 
13611 
5420 
13612 
13613 
5422 
13614 
5423 
13615 
13616 
13617 
13618 
13619 
13620 
13621 
13622 
13623 
13624 
13625 
13627 
13628 
13629 
13630 
13631 
13632 
13633 
13634 
13638 
13641 
13642 
13643 
13646 
13651 
13652 
5462 
5463 
5464 
13656 
13657 
13658 
5467 
5468 
5469 
5470 
13662 
5471 
13663 
5472 
5473 
13665 
5474 
13666 
5475 
13667 
5476 
5477 
5478 
5479 
5528 
5529 
5530 
5531 
5532 
5533 
5534 
5535 
5536 
5537 
5589 
5590 
5591 
5592 
5593 
5594 
5595 
5596 
5597 
5598 
5599 
5600 
5601 
5602 
5641 
5644 
5645 
5646 
5647 
5648 
5649 
5650 
5651 
5652 
5653 
5654 
5655 
5658 
5702 
5703 
5705 
5706 
5707 
5708 
5709 
5710 
5711 
5712 
5713 
5715 
5716 
5717 
5718 
5767 
5769 
5770 
5772 
5773 
5774 
5775 
5776 
5777 
5779 
5780 
5782 
5784 
5785 
5786 
5790 
5791 
14005 
14006 
14007 
14008 
14009 
14010 
14011 
14012 
14013 
14014 
14015 
14016 
14218 
14219 
14220 
14221 
14222 
14223 
14224 
14225 
14226 
14245 
14246 
14247 
14311 
14312 
14313 
14314 
14315 
14316 
14317 
14318 
14319 
14320 
14321 
14322 
14323 
14324 
14325 
14353 
14354 
14355 
14356 
14357 
14358 
14377 
14378 
14379 
6324 
6325 
6326 
6327 
6328 
6329 
6331 
6332 
6333 
6334 
6335 
6337 
6338 
6339 
6344 
6368 
6369 
6371 
6390 
6427 
6428 
6429 
6430 
6431 
6432 
6433 
6434 
6435 
6436 
6437 
6438 
6439 
6440 
6441 
6443 
6444 
6445 
6446 
6460 
6461 
6462 
6463 
6464 
6465 
6466 
6467 
6468 
6469 
6470 
6471 
6472 
6473 
6474 
6475 
6476 
6477 
6478 
6479 
6480 
6481 
6482 
6483 
6484 
6485 
6486 
6487 
6515 
6516 
6517 
6519 
6521 
6522 
6562 
6564 
6565 
6583 
6585 
6586 
6588 
6589 
6590 
14812 
14813 
14814 
14815 
14816 
14817 
14851 
14852 
14853 
14854 
14855 
14856 
14857 
14858 
14859 
14860 
14861 
14862 
14908 
14909 
14910 
15019 
15020 
15021 
15022 
15023 
15024 
15055 
15056 
15057 
15058 
15059 
15060 
15061 
15062 
15063 
15064 
15065 
15066 
15067 
15068 
15069 
15097 
15098 
15099 
15502 
15503 
15504 
15505 
15506 
15507 
15508 
15509 
15510 
15535 
15536 
15537 
15538 
15539 
15540 
15556 
15557 
15558 
15559 
15560 
15561 
15562 
15563 
15564 
15565 
15566 
15567 
15568 
15569 
15570 
15571 
15572 
15573 
15574 
15575 
15576 
15577 
15578 
15579 
15580 
15581 
15582 
15583 
15584 
15585 
15586 
15587 
15588 
15601 
15602 
15603 
15604 
15605 
15606 
15619 
15620 
15621 
15622 
15623 
15624 
7444 
7445 
7447 
7449 
7450 
7451 
7452 
15646 
15647 
15648 
7457 
15649 
7458 
15650 
7459 
15651 
15652 
7461 
15653 
7462 
15654 
7463 
15655 
7464 
15656 
7465 
15657 
15658 
7467 
15659 
7468 
15660 
7469 
7470 
7471 
7472 
7473 
7474 
7475 
7477 
7479 
7480 
15697 
15698 
15699 
7569 
7570 
7572 
7575 
7577 
7578 
7581 
7583 
7584 
7668 
7669 
7670 
7672 
7674 
7675 
7680 
7684 
7685 
7687 
7689 
7690 
7691 
7743 
7744 
7745 
7746 
7747 
7748 
7750 
7751 
7752 
7753 
7755 
7756 
7757 
7758 
7759 
7760 
7761 
7762 
7763 
7764 
7765 
7766 
7767 
7768 
7769 
7770 
7771 
7772 
7773 
7774 
7775 
7776 
7777 
7778 
7779 
7780 
7781 
7782 
7783 
7784 
7785 
7786 
7787 
7788 
7789 
7790 
7791 
7792 
7793 
7794 
7795 
7796 
7797 
7798 
7799 
7800 
7801 
7802 
7803 
7804 
7805 
7806 
7807 
7808 
7809 
7810 
7811 
7812 
7813 
7814 
7815 
7816 
7817 
7818 
7819 
16090 
16091 
16092 
16093 
7902 
16094 
7903 
16095 
7904 
16096 
7905 
16097 
16098 
7907 
16099 
7908 
16100 
7909 
16101 
7910 
16102 
7911 
16103 
7912 
16104 
7913 
7914 
7915 
7916 
7917 
7918 
7919 
7920 
7921 
7922 
7923 
7924 
7925 
7926 
7927 
7928 
7929 
7930 
7931 
7932 
7933 
7934 
7935 
7936 
7937 
7938 
7939 
7940 
7941 
7942 
7943 
7944 
7945 
7946 
16138 
7947 
16139 
7948 
16140 
7949 
16141 
7950 
16142 
7951 
16143 
7952 
7953 
7954 
7955 
7956 
7957 
7958 
7959 
7960 
7961 
7962 
7963 
7964 
7966 
7967 
7968 
7969 
16189 
16190 
16191 
16213 
16214 
16215 
16216 
16217 
16218 
16219 
16220 
16221 
16222 
16223 
16224 
16225 
16226 
16227 
16228 
16229 
16230 
8043 
8048 
8049 
8051 
8053 
8054 
16246 
8055 
16247 
16248 
16249 
16250 
8059 
16251 
16252 
16253 
16254 
16255 
16256 
16257 
16258 
16259 
16260 
16261 
16262 
16263 
16303 
16304 
16305 
16306 
16307 
16308 
8125 
8126 
8128 
8131 
8133 
8134 
8140 
8141 
8143 
16348 
16349 
16350 
16351 
16352 
16353 
16354 
16355 
16356 
16357 
16358 
16359 
)

// ************************************************************************* //
