/*--------------------------------*- C++ -*----------------------------------*\
| =========                 |                                                 |
| \\      /  F ield         | OpenFOAM: The Open Source CFD Toolbox           |
|  \\    /   O peration     | Version:  5.x                                   |
|   \\  /    A nd           | Web:      www.OpenFOAM.org                      |
|    \\/     M anipulation  |                                                 |
\*---------------------------------------------------------------------------*/
FoamFile
{
    version     2.0;
    format      ascii;
    class       cellSet;
    location    "constant/polyMesh/sets";
    object      region1;
}
// * * * * * * * * * * * * * * * * * * * * * * * * * * * * * * * * * * * * * //


7454
(
16387 
16388 
16389 
16390 
16391 
16392 
16414 
16415 
16416 
16417 
16418 
16419 
16420 
16421 
16422 
16447 
16448 
16449 
16450 
16451 
16452 
16453 
16454 
16455 
16459 
16460 
16461 
16477 
16478 
16479 
16501 
16502 
16503 
16504 
16505 
16506 
16507 
16508 
16509 
16525 
16526 
16527 
16528 
16529 
16530 
16531 
16532 
16533 
16534 
16535 
16536 
16555 
16556 
16557 
16561 
16562 
16563 
16564 
16565 
16566 
16579 
16580 
16581 
16588 
16589 
16590 
16591 
16592 
16593 
16594 
16595 
16596 
16597 
16598 
16599 
16600 
16601 
16602 
16603 
16604 
16605 
16606 
16607 
16608 
16612 
16613 
16614 
16615 
16616 
16617 
16618 
16619 
16620 
16621 
16622 
16623 
16624 
16625 
16626 
16627 
16628 
16629 
16630 
16631 
16632 
16639 
16640 
16641 
16645 
16646 
16647 
16654 
16655 
16656 
16657 
16658 
16659 
16669 
16670 
16671 
16672 
16673 
16674 
16684 
16685 
16686 
16687 
16688 
16689 
16690 
16691 
16692 
16702 
16703 
16704 
16708 
16709 
16710 
16714 
16715 
16716 
16723 
16724 
16725 
16726 
16727 
16728 
16753 
16754 
16755 
16756 
16757 
16758 
16762 
16763 
379 
16764 
380 
16765 
381 
16766 
16767 
16780 
16781 
16782 
16783 
16784 
16785 
16786 
16787 
16788 
16789 
16790 
16791 
416 
417 
418 
419 
16804 
420 
16805 
421 
16806 
422 
423 
424 
16813 
16814 
16815 
16816 
16817 
16818 
16819 
16820 
16821 
16831 
16832 
16833 
16834 
16835 
16836 
16837 
16838 
454 
16839 
455 
16840 
456 
16841 
457 
16842 
458 
16843 
459 
16844 
460 
16845 
461 
462 
463 
464 
16849 
465 
16850 
466 
16851 
16852 
16853 
16854 
16855 
16856 
16857 
16858 
16859 
16860 
16870 
16871 
16872 
16873 
16874 
16875 
493 
494 
500 
501 
502 
503 
16888 
504 
16889 
505 
16890 
506 
16891 
507 
16892 
16893 
16906 
16907 
16908 
532 
533 
541 
542 
543 
544 
545 
16930 
546 
16931 
547 
16932 
548 
16933 
16934 
16935 
16939 
16940 
16941 
16942 
16943 
16944 
16945 
16946 
16947 
16948 
16949 
16950 
16954 
16955 
571 
16956 
572 
573 
581 
16966 
582 
16967 
583 
16968 
584 
16969 
585 
16970 
586 
16971 
587 
588 
16975 
16976 
16977 
16978 
16979 
16980 
16984 
16985 
16986 
16987 
16988 
16989 
16990 
16991 
16992 
610 
611 
612 
620 
621 
622 
623 
624 
625 
626 
627 
17026 
17027 
17028 
648 
649 
650 
651 
659 
17044 
660 
17045 
661 
17046 
663 
664 
665 
666 
667 
17059 
17060 
17061 
17062 
17063 
17064 
687 
688 
689 
690 
17077 
17078 
17079 
697 
698 
17083 
17084 
17085 
17086 
17087 
17088 
17089 
705 
17090 
706 
17091 
17092 
17093 
17094 
17095 
17096 
17097 
17098 
17099 
17100 
17101 
17102 
17103 
17104 
17105 
17106 
726 
727 
728 
729 
730 
17116 
17117 
17118 
17119 
17120 
17121 
737 
745 
746 
17131 
17132 
17133 
17137 
17138 
17139 
17140 
17141 
17142 
17143 
17144 
17145 
765 
766 
767 
17152 
768 
17153 
769 
17154 
770 
17155 
771 
17156 
17157 
17158 
17159 
775 
17160 
776 
17161 
777 
17162 
17163 
17164 
17165 
17166 
17167 
17168 
17169 
17170 
786 
17171 
17172 
17173 
17174 
17175 
17176 
17177 
17178 
17179 
17180 
17181 
17185 
17186 
17187 
17188 
17189 
805 
17190 
806 
807 
808 
809 
17194 
810 
17195 
811 
17196 
812 
813 
814 
815 
816 
817 
819 
17206 
17207 
17208 
17215 
17216 
17217 
838 
839 
840 
841 
842 
17227 
843 
17228 
844 
17229 
17230 
17231 
17232 
848 
17233 
849 
17234 
850 
17235 
17236 
17237 
17238 
17239 
17240 
17241 
859 
879 
880 
881 
17266 
882 
17267 
883 
17268 
17269 
17270 
17271 
890 
17275 
891 
17276 
17277 
17278 
17279 
17280 
17281 
17282 
898 
17283 
899 
17284 
17285 
17286 
17287 
17288 
17289 
17290 
17291 
17292 
17293 
17294 
17295 
17296 
17297 
17298 
919 
920 
921 
922 
17308 
17309 
17310 
17311 
17312 
17313 
929 
930 
17320 
17321 
937 
17322 
938 
17323 
17324 
17325 
17326 
17327 
17328 
958 
959 
960 
961 
17350 
17351 
17352 
969 
970 
971 
972 
973 
974 
975 
976 
977 
17362 
17363 
17364 
17368 
17369 
17370 
17371 
17372 
17373 
998 
999 
1000 
17389 
17390 
17391 
17392 
1008 
17393 
1009 
17394 
1010 
17395 
1011 
17396 
1012 
17397 
1013 
17398 
1014 
17399 
1015 
17400 
17401 
17402 
17403 
1037 
17422 
1038 
17423 
1039 
17424 
1047 
1048 
1049 
1050 
1051 
1052 
1053 
1054 
17446 
17447 
17448 
17449 
17450 
17451 
17452 
17453 
17454 
17455 
17456 
17457 
17458 
17459 
17460 
1077 
1078 
1086 
1087 
1088 
17473 
1089 
17474 
1090 
17475 
1091 
17476 
1092 
17477 
1093 
17478 
17479 
17480 
17481 
17491 
17492 
17493 
17494 
17495 
17496 
17497 
17498 
17499 
17500 
17501 
17502 
1118 
1119 
17509 
1125 
17510 
1126 
17511 
1127 
17512 
1128 
17513 
1129 
17514 
1130 
17515 
1131 
17516 
1132 
17517 
17518 
17519 
17520 
17521 
17522 
17523 
17527 
17528 
17529 
17530 
17531 
17532 
17533 
17534 
17535 
17536 
17537 
17538 
1159 
1160 
1161 
1162 
1163 
1164 
1165 
1166 
17551 
1167 
17552 
1168 
17553 
1169 
1170 
1171 
17557 
17558 
17559 
17560 
17561 
17562 
17563 
17564 
17565 
17566 
17567 
17568 
17569 
17570 
17571 
17572 
17573 
17574 
17578 
17579 
17580 
17584 
17585 
1201 
17586 
1202 
1203 
1204 
1205 
1206 
1207 
1208 
1209 
17611 
17612 
17613 
17614 
17615 
17616 
17617 
17618 
17619 
17620 
17621 
17622 
17626 
17627 
17628 
17632 
17633 
17634 
17635 
17636 
17637 
17638 
17639 
17640 
17662 
17663 
17664 
17665 
17666 
17667 
17668 
17669 
17670 
17680 
17681 
17682 
17683 
17684 
17685 
17686 
17687 
17688 
17689 
17690 
17691 
17692 
17693 
17694 
17695 
17696 
17697 
17698 
17699 
17700 
17704 
17705 
17706 
17707 
17708 
17709 
17716 
17717 
17718 
17719 
17720 
17721 
17740 
17741 
17742 
17752 
17753 
17754 
17755 
17756 
17757 
17767 
17768 
17769 
17770 
17771 
17772 
17782 
17783 
17784 
17788 
17789 
17790 
17818 
17819 
17820 
17821 
17822 
17823 
17824 
17825 
17826 
17830 
17831 
17832 
17833 
17834 
17835 
17842 
17843 
17844 
17848 
17849 
17850 
17851 
17852 
17853 
17920 
17921 
17922 
17932 
17933 
17934 
17944 
17945 
17946 
17947 
17948 
17949 
17953 
17954 
17955 
17962 
17963 
17964 
17974 
17975 
17976 
17983 
17984 
17985 
17986 
17987 
17988 
17989 
17990 
17991 
1607 
17992 
17993 
1609 
17994 
1610 
1612 
1613 
1615 
1616 
18001 
1617 
18002 
1618 
18003 
1619 
1620 
1621 
1622 
1623 
1624 
1625 
18010 
18011 
1627 
18012 
1628 
1630 
1631 
18016 
18017 
1633 
18018 
18019 
18020 
18021 
18022 
18023 
18024 
1640 
18025 
18026 
1642 
18027 
1643 
1645 
1646 
1647 
1648 
1649 
18034 
1650 
18035 
1651 
18036 
1652 
1653 
1654 
1655 
18040 
1656 
18041 
1657 
18042 
1658 
1659 
1660 
1661 
1663 
1664 
18049 
18050 
1666 
18051 
18052 
18053 
18054 
1670 
1672 
1673 
1674 
1675 
1677 
18064 
1680 
18065 
18066 
1683 
1686 
18073 
1689 
18074 
18075 
1691 
1692 
1693 
1694 
1696 
1700 
1702 
1703 
1704 
1705 
18091 
1707 
18092 
18093 
18094 
18095 
18096 
18103 
1719 
18104 
18105 
1721 
18106 
1722 
18107 
1723 
18108 
1724 
1726 
1730 
18115 
18116 
1732 
18117 
1733 
1734 
1735 
18124 
18125 
18126 
18130 
18131 
18132 
18133 
18134 
1750 
18135 
1752 
1753 
1754 
1755 
1757 
18148 
1764 
18149 
1765 
18150 
1766 
18151 
1767 
18152 
1768 
18153 
1769 
18154 
18155 
18156 
18157 
18158 
18159 
18160 
18161 
18162 
18163 
18164 
18165 
1782 
1783 
1784 
18175 
1791 
18176 
18177 
1793 
18178 
1794 
18179 
1795 
18180 
1796 
1797 
1798 
1799 
1812 
1813 
1814 
18199 
1815 
18200 
1816 
18201 
1817 
1818 
1819 
1820 
18205 
1821 
18206 
1822 
18207 
1823 
1824 
1826 
18211 
18212 
18213 
1830 
1831 
1832 
1833 
1834 
1835 
1836 
1837 
1838 
18232 
1848 
18233 
18234 
1850 
18235 
1851 
18236 
1852 
18237 
1853 
18238 
18239 
1855 
18240 
1858 
1861 
1867 
1870 
18256 
1872 
18257 
1873 
18258 
1874 
1875 
1876 
1877 
18262 
18263 
18264 
18268 
1884 
18269 
1885 
18270 
1886 
18271 
1887 
18272 
18273 
1889 
18274 
18275 
18276 
18277 
18278 
18279 
1898 
1899 
1900 
1901 
1902 
1903 
1913 
18298 
1914 
18299 
1915 
18300 
1916 
1917 
1918 
18304 
18305 
18306 
1927 
1928 
18313 
1929 
18314 
1930 
18315 
1931 
18316 
18317 
1933 
18318 
1943 
18328 
18329 
1945 
18330 
1946 
18331 
18332 
1948 
18333 
1949 
1950 
1951 
1953 
18340 
18341 
18342 
18343 
18344 
18345 
1961 
18346 
1962 
18347 
1963 
18348 
1964 
18349 
18350 
18351 
18352 
18353 
18354 
18355 
18356 
1972 
18357 
1973 
1974 
1975 
1976 
1977 
1978 
1979 
1981 
1982 
1984 
1985 
18370 
1986 
18371 
1987 
18372 
1988 
1989 
1990 
18379 
18380 
18381 
18382 
18383 
18384 
18385 
2001 
18386 
2002 
18387 
2003 
2004 
2005 
2012 
2013 
2014 
2015 
2016 
2017 
18403 
18404 
2020 
18405 
18406 
18407 
2023 
18408 
2025 
2026 
2027 
2028 
2029 
2030 
18415 
18416 
18417 
18418 
18419 
18420 
18421 
18422 
18423 
18424 
18425 
18426 
2048 
18433 
2049 
18434 
2050 
18435 
2051 
18436 
2052 
18437 
18438 
18439 
18440 
18441 
18442 
18443 
18444 
2060 
18445 
2061 
18446 
2062 
18447 
2064 
2076 
18463 
2079 
18464 
18465 
2081 
18466 
2082 
18467 
2083 
18468 
2084 
18469 
18470 
18471 
18472 
18473 
18474 
18475 
18476 
2092 
18477 
2093 
18478 
2094 
18479 
2095 
18480 
2097 
2105 
2106 
2107 
2109 
18496 
18497 
18498 
18499 
18500 
18501 
18502 
2118 
18503 
2119 
18504 
2120 
18505 
2121 
18506 
2122 
18507 
2123 
18508 
18509 
18510 
18511 
18512 
18513 
18514 
18515 
18516 
18517 
2133 
18518 
2134 
18519 
2135 
2136 
2137 
2138 
18529 
2145 
18530 
2146 
18531 
2147 
2148 
2149 
2150 
2151 
2152 
2153 
18541 
18542 
18543 
18544 
18545 
18546 
18547 
18548 
2164 
18549 
18550 
2166 
18551 
2167 
18552 
2168 
18553 
2169 
18554 
18555 
2171 
18556 
2172 
18557 
18558 
2174 
18559 
2175 
18560 
18561 
18562 
18563 
18564 
2180 
18565 
2181 
18566 
18567 
2183 
18568 
2184 
18569 
18570 
2186 
18571 
2187 
18572 
2188 
18573 
2189 
18574 
2190 
18575 
2191 
18576 
2192 
18577 
18578 
18579 
18580 
18581 
2197 
18582 
18583 
2199 
18584 
2200 
18585 
2201 
18586 
2202 
18587 
2203 
18588 
2204 
18589 
18590 
18591 
2217 
2218 
2219 
2220 
2221 
2222 
2223 
2224 
2225 
2226 
2227 
2228 
2230 
2238 
2239 
2240 
2241 
2242 
2243 
2256 
2257 
2258 
2266 
2268 
2269 
2270 
2285 
2287 
2288 
2289 
2290 
2292 
2298 
2300 
2301 
2302 
2303 
2305 
2315 
2317 
2318 
2319 
2320 
2322 
2328 
2330 
2331 
2332 
2333 
2335 
2336 
2338 
2339 
2341 
2342 
2344 
2345 
2347 
2348 
2349 
2350 
2352 
2358 
2361 
2363 
2364 
2365 
2366 
2367 
2368 
2369 
2370 
2371 
2372 
2373 
2374 
2375 
2376 
2377 
2379 
2382 
2391 
2394 
2397 
2399 
2400 
2401 
2402 
2403 
2404 
2405 
2406 
2407 
2409 
2412 
2415 
2449 
2450 
2452 
2453 
2455 
2456 
2457 
2458 
2459 
2460 
2461 
2462 
2464 
2465 
2467 
2476 
2477 
2478 
2479 
2480 
2481 
2482 
2483 
2484 
2485 
2495 
2499 
2502 
2505 
2506 
2507 
2508 
2509 
2510 
2511 
2512 
2513 
2524 
2525 
2526 
2527 
2529 
2543 
2544 
2545 
2546 
2547 
2548 
2549 
2550 
2558 
2560 
2561 
2562 
2572 
2573 
2574 
2575 
2576 
2577 
2581 
2582 
2583 
2584 
2595 
2596 
2597 
2598 
2599 
2600 
2601 
2603 
2604 
2605 
2606 
2616 
2617 
2618 
2619 
2620 
2621 
2622 
2623 
2633 
2644 
2645 
2646 
2647 
2648 
2651 
2657 
2659 
2660 
2661 
2668 
2669 
2670 
2671 
2672 
2686 
2688 
2691 
2692 
2693 
2694 
2696 
2697 
2698 
2699 
2700 
2701 
2702 
2710 
2711 
2712 
2732 
2733 
2737 
2738 
2739 
2740 
2741 
2742 
2743 
2744 
2746 
2747 
2749 
2750 
2752 
2753 
2754 
2755 
2756 
2757 
2774 
2775 
2779 
2780 
2781 
2782 
2783 
2784 
2785 
2786 
2787 
2788 
2789 
2790 
2812 
2813 
2814 
2815 
2816 
2819 
2831 
2832 
2833 
2834 
2851 
2852 
2857 
2858 
2859 
2860 
2861 
2878 
2879 
2882 
2883 
2884 
2893 
2894 
2896 
2905 
2906 
2907 
2908 
2913 
2914 
2915 
2916 
2917 
2918 
2922 
2923 
2924 
2925 
2938 
2939 
2940 
2941 
2942 
2943 
2944 
2945 
2946 
2947 
2948 
2949 
2950 
2951 
2952 
2953 
2954 
2955 
2960 
2961 
2962 
2963 
2964 
2974 
2975 
2976 
2977 
2978 
2979 
2980 
2981 
2983 
2984 
2985 
2986 
2987 
2988 
2989 
2998 
2999 
3000 
3001 
3002 
3003 
3013 
3028 
3030 
3031 
3032 
3033 
3034 
3035 
3036 
3048 
3049 
3050 
3051 
3052 
3060 
3061 
3063 
3064 
3065 
3066 
3067 
3068 
3071 
3079 
3080 
3081 
3082 
3083 
3084 
3085 
3086 
3087 
3088 
3089 
3101 
3102 
3103 
3104 
3105 
3106 
3107 
3110 
3167 
3168 
3171 
3172 
3173 
3176 
3177 
3178 
3179 
3181 
3182 
3184 
3185 
3186 
3187 
3188 
3189 
3190 
3191 
3193 
3194 
3195 
3196 
3197 
3199 
3200 
3201 
3202 
3203 
3206 
3210 
3219 
3220 
3222 
3223 
3224 
3227 
3228 
3229 
3230 
3231 
3232 
3233 
3234 
3235 
3236 
3237 
3238 
3239 
3241 
3242 
3254 
3258 
3259 
3260 
3262 
3263 
3264 
3265 
3266 
3268 
3269 
3271 
3273 
3274 
3282 
3288 
3294 
3297 
3299 
3301 
3302 
3303 
3304 
3306 
3307 
3308 
3310 
3312 
3321 
3327 
3328 
3329 
3332 
3333 
3348 
3350 
3351 
3353 
3354 
3355 
3358 
3365 
3366 
3368 
3369 
3370 
3372 
3373 
3375 
3377 
3378 
3391 
3396 
3397 
3398 
3399 
3401 
3402 
3404 
3409 
3412 
3413 
3414 
3416 
3417 
3420 
3439 
3440 
3442 
3443 
3444 
3447 
3451 
3457 
3458 
3459 
3462 
3484 
3485 
3487 
3488 
3489 
3490 
3491 
3492 
3493 
3494 
3495 
3496 
3497 
3498 
3499 
3500 
3501 
3502 
3503 
3504 
3505 
3506 
3507 
3508 
3509 
3510 
3513 
3514 
3517 
3518 
3519 
3522 
3523 
3525 
3528 
3549 
3550 
3552 
3553 
3554 
3556 
3557 
3561 
3562 
3564 
3570 
3576 
3577 
3579 
3580 
3581 
3582 
3583 
3584 
3585 
3586 
3587 
3590 
3597 
3598 
3600 
3601 
3602 
3603 
3604 
3605 
3606 
3607 
3622 
3625 
3626 
3627 
3630 
3631 
3632 
3633 
3636 
3637 
3640 
3643 
3645 
3646 
3647 
3648 
3650 
3651 
3652 
3653 
3664 
3665 
3667 
3668 
3669 
3671 
3673 
3678 
3699 
3702 
3703 
3704 
3707 
3708 
3709 
3710 
3712 
3713 
3714 
3715 
3720 
3721 
3723 
3724 
3725 
3727 
3728 
3729 
3730 
3741 
3742 
3743 
3744 
3745 
3746 
3748 
3749 
3751 
3752 
3753 
3754 
3755 
3756 
3757 
3758 
3762 
3763 
3811 
3812 
3813 
3814 
3815 
3816 
3817 
3818 
3819 
3820 
3821 
3822 
3832 
3833 
3834 
3835 
3836 
3837 
3839 
3840 
3841 
3842 
3845 
3846 
3847 
3848 
3851 
3852 
3853 
3854 
3855 
3856 
3857 
3858 
3860 
3861 
3909 
3910 
3912 
3913 
3914 
3915 
3916 
3917 
3918 
3919 
3920 
3921 
3922 
3923 
3933 
3934 
3937 
3938 
3940 
3942 
3943 
3944 
3950 
3965 
3968 
3969 
3970 
3971 
3972 
3973 
3975 
3976 
3977 
3978 
3986 
3987 
3989 
3990 
3991 
3993 
3994 
3995 
3996 
4004 
4005 
4007 
4008 
4009 
4011 
4012 
4013 
4014 
4015 
4028 
4031 
4032 
4033 
4034 
4035 
4036 
4037 
4039 
4042 
4043 
4046 
4048 
4051 
4052 
4053 
4054 
4056 
4057 
4058 
4059 
4064 
4067 
4068 
4069 
4072 
4076 
4096 
4097 
4099 
4100 
4101 
4102 
4103 
4104 
4106 
4107 
4111 
4116 
4123 
4128 
4129 
4130 
4132 
4133 
4134 
4136 
4137 
4140 
4144 
4152 
4153 
4154 
4155 
4158 
4177 
4178 
4180 
4181 
4182 
4183 
4184 
4185 
4186 
4187 
4188 
4189 
4190 
4191 
4192 
4193 
4194 
4201 
4202 
4204 
4205 
4206 
4209 
4229 
4230 
4233 
4234 
4238 
4245 
4247 
4248 
4249 
4251 
4252 
4254 
4269 
4274 
4275 
4276 
4277 
4279 
4281 
4282 
4289 
4290 
4291 
4292 
4293 
4294 
4295 
4296 
4298 
4301 
4314 
4315 
4318 
4319 
4320 
4321 
4322 
4332 
4336 
4338 
4339 
4341 
4342 
4343 
4345 
4346 
4348 
4350 
4355 
4359 
4364 
4368 
4371 
4373 
4376 
4378 
4379 
4381 
4382 
4384 
4386 
4387 
4388 
4401 
4404 
4405 
4406 
4407 
4408 
4409 
4410 
4411 
4412 
4413 
4414 
4415 
4416 
4417 
4418 
4421 
4425 
4426 
4428 
4434 
4437 
4438 
4439 
4441 
4442 
4443 
4444 
4447 
4448 
4449 
4450 
4452 
4453 
4454 
4455 
4456 
4457 
4458 
4459 
4460 
4461 
4462 
4463 
4465 
4466 
4467 
4468 
4471 
4472 
4473 
4474 
4476 
4477 
4478 
4481 
4485 
4515 
4516 
4518 
4519 
4520 
4521 
4522 
4523 
4524 
4525 
4536 
4537 
4539 
4540 
4541 
4542 
4543 
4544 
4545 
4546 
4547 
4554 
4555 
4556 
4557 
4558 
4559 
4560 
4561 
4562 
4563 
4564 
4565 
4566 
4567 
4568 
4569 
4570 
4571 
4578 
4579 
4580 
4584 
4585 
4586 
4591 
4592 
4593 
4600 
4601 
4602 
4607 
4608 
4609 
4610 
4611 
4612 
4613 
4614 
4619 
4620 
4621 
4622 
4623 
4624 
4625 
4626 
4636 
4637 
4638 
4639 
4640 
4641 
4642 
4643 
4644 
4648 
4649 
4650 
4651 
4652 
4653 
4662 
4663 
4664 
4666 
4672 
4673 
4674 
4675 
4676 
4677 
4678 
4679 
4680 
4681 
4682 
4683 
4684 
4688 
4689 
4690 
4702 
4707 
4708 
4709 
4710 
4711 
4715 
4716 
4717 
4718 
4719 
4720 
4725 
4726 
4727 
4728 
4729 
4730 
4731 
4732 
4733 
4734 
4735 
4736 
4737 
4742 
4743 
4745 
4746 
4747 
4757 
4758 
4759 
4760 
4761 
4762 
4763 
4764 
4765 
4766 
4767 
4768 
4775 
4776 
4777 
4778 
4779 
4780 
4781 
4782 
4787 
4788 
4801 
4802 
4803 
4804 
4806 
4811 
4812 
4824 
4825 
4826 
4827 
4828 
4829 
4833 
4834 
4835 
4836 
4842 
4843 
4844 
4851 
4852 
4853 
4854 
4855 
4856 
4858 
4859 
4860 
4861 
4862 
4863 
4864 
4865 
4866 
4867 
4868 
4869 
4870 
4871 
4872 
4873 
4874 
4875 
4877 
4884 
4885 
4886 
4897 
4898 
4899 
4909 
4910 
4911 
4912 
4918 
4919 
4920 
4921 
4930 
4931 
4939 
4940 
4941 
4945 
4946 
4947 
4948 
4949 
4950 
4951 
4952 
4953 
4954 
4955 
4956 
4957 
4958 
4959 
4960 
4961 
4962 
4965 
4969 
4970 
4971 
4972 
4973 
4974 
4975 
4976 
4977 
4978 
4980 
5032 
5034 
5038 
5039 
5040 
5041 
5042 
5043 
5047 
5048 
5049 
5051 
5052 
5053 
5054 
5055 
5056 
5057 
5058 
5059 
5060 
5061 
5063 
5064 
5065 
5066 
5067 
5068 
5069 
5070 
5071 
5073 
5082 
5086 
5087 
5088 
5092 
5093 
5094 
5095 
5096 
5097 
5098 
5099 
5100 
5101 
5102 
5103 
5104 
5105 
5106 
5107 
5108 
5109 
5110 
5111 
5112 
5114 
5115 
5116 
5117 
5118 
5119 
5125 
5126 
5127 
5129 
5130 
5131 
5132 
5133 
5137 
5138 
5139 
5143 
5144 
5145 
5146 
5147 
5148 
5149 
5150 
5151 
5154 
5158 
5173 
5175 
5176 
5177 
5178 
5185 
5191 
5192 
5202 
5203 
5204 
5205 
5206 
5207 
5210 
5220 
5221 
5222 
5223 
5224 
5225 
5226 
5227 
5228 
5229 
5230 
5231 
5252 
5253 
5254 
5255 
5256 
5257 
5267 
5269 
5270 
5271 
5272 
5273 
5274 
5275 
5276 
5277 
5278 
5279 
5280 
5281 
5286 
5287 
5289 
5290 
5291 
5292 
5293 
5294 
5295 
5296 
5297 
5298 
5299 
5300 
5301 
5302 
5303 
5304 
5305 
5306 
5307 
5308 
5310 
5312 
5316 
5317 
5318 
5319 
5320 
5321 
5331 
5334 
5335 
5336 
5337 
5338 
5339 
5340 
5341 
5342 
5345 
5346 
5347 
5348 
5352 
5361 
5363 
5364 
5367 
5368 
5369 
5370 
5371 
5372 
5379 
5380 
5381 
5385 
5387 
5397 
5401 
5402 
5403 
5404 
5405 
5408 
5412 
5421 
5424 
5425 
5426 
5427 
5428 
5429 
5436 
5437 
5439 
5440 
5441 
5442 
5443 
5444 
5447 
5455 
5456 
5457 
5461 
5465 
5466 
5480 
5481 
5482 
5484 
5485 
5486 
5487 
5498 
5499 
5500 
5501 
5502 
5503 
5504 
5505 
5506 
5507 
5508 
5509 
5511 
5513 
5514 
5515 
5516 
5517 
5518 
5520 
5521 
5522 
5523 
5524 
5525 
5526 
5527 
5538 
5539 
5540 
5541 
5542 
5543 
5553 
5554 
5555 
5556 
5557 
5558 
5559 
5560 
5561 
5563 
5564 
5566 
5568 
5569 
5570 
5574 
5575 
5577 
5578 
5579 
5581 
5582 
5583 
5584 
5585 
5586 
5587 
5588 
5603 
5604 
5605 
5606 
5607 
5608 
5615 
5616 
5618 
5619 
5620 
5623 
5629 
5632 
5635 
5636 
5637 
5638 
5639 
5640 
5642 
5643 
5656 
5657 
5659 
5660 
5661 
5662 
5663 
5664 
5666 
5667 
5668 
5669 
5674 
5675 
5676 
5677 
5678 
5679 
5693 
5694 
5696 
5697 
5698 
5699 
5700 
5701 
5704 
5714 
5719 
5726 
5727 
5728 
5729 
5730 
5731 
5732 
5733 
5734 
5735 
5736 
5737 
5753 
5754 
5755 
5757 
5758 
5759 
5760 
5761 
5762 
5763 
5764 
5765 
5766 
5768 
5771 
5778 
5781 
5783 
5787 
5788 
5789 
5792 
5793 
5794 
5795 
5796 
5797 
5798 
5799 
5801 
5802 
5803 
5805 
5806 
5807 
5808 
5809 
5810 
5811 
5812 
5813 
5814 
5815 
5816 
5830 
5831 
5832 
5833 
5834 
5835 
5836 
5837 
5838 
5839 
5840 
5841 
5842 
5843 
5844 
5846 
5847 
5854 
5855 
5856 
5857 
5858 
5859 
5860 
5861 
5862 
5876 
5877 
5879 
5880 
5881 
5882 
5883 
5884 
5885 
5886 
5887 
5896 
5897 
5898 
5899 
5901 
5902 
5912 
5913 
5914 
5918 
5919 
5920 
5930 
5931 
5932 
5933 
5934 
5935 
5938 
5948 
5950 
5954 
5955 
5956 
5960 
5961 
5962 
5963 
5964 
5965 
5966 
5967 
5968 
5969 
5970 
5971 
5972 
5973 
5974 
5975 
5976 
5977 
5978 
5979 
5980 
5981 
5982 
5983 
5984 
5985 
5986 
5990 
5997 
5998 
5999 
6000 
6001 
6002 
6003 
6004 
6005 
6006 
6007 
6008 
6009 
6010 
6011 
6012 
6014 
6015 
6016 
6020 
6021 
6022 
6035 
6037 
6041 
6042 
6043 
6045 
6046 
6047 
6048 
6050 
6051 
6052 
6053 
6054 
6055 
6056 
6057 
6058 
6059 
6060 
6061 
6063 
6064 
6065 
6066 
6068 
6069 
6070 
6074 
6075 
6076 
6095 
6098 
6100 
6104 
6105 
6106 
6108 
6109 
6110 
6111 
6112 
6113 
6114 
6115 
6117 
6118 
6119 
6120 
6121 
6122 
6123 
6124 
6137 
6138 
6139 
6140 
6141 
6142 
6143 
6144 
6145 
6146 
6147 
6148 
6151 
6152 
6155 
6156 
6157 
6160 
6162 
6163 
6164 
6165 
6167 
6168 
6169 
6176 
6177 
6178 
6180 
6181 
6182 
6183 
6185 
6186 
6187 
6188 
6189 
6190 
6194 
6195 
6198 
6199 
6200 
6201 
6202 
6208 
6209 
6210 
6214 
6217 
6218 
6219 
6222 
6223 
6224 
6225 
6229 
6230 
6231 
6233 
6234 
6235 
6236 
6250 
6251 
6253 
6254 
6255 
6256 
6257 
6258 
6260 
6261 
6263 
6265 
6266 
6267 
6268 
6269 
6270 
6271 
6272 
6273 
6283 
6284 
6285 
6286 
6287 
6288 
6289 
6290 
6291 
6292 
6293 
6294 
6302 
6303 
6304 
6305 
6315 
6316 
6318 
6319 
6320 
6321 
6322 
6323 
6330 
6336 
6340 
6341 
6342 
6343 
6346 
6347 
6349 
6354 
6356 
6359 
6364 
6365 
6366 
6367 
6370 
6372 
6373 
6374 
6375 
6376 
6377 
6379 
6380 
6381 
6382 
6383 
6384 
6388 
6389 
6391 
6392 
6393 
6397 
6398 
6399 
6400 
6401 
6402 
6404 
6405 
6406 
6407 
6408 
6409 
6410 
6411 
6415 
6416 
6417 
6419 
6420 
6421 
6422 
6423 
6424 
6425 
6426 
6442 
6447 
6451 
6452 
6453 
6454 
6455 
6456 
6457 
6458 
6459 
6491 
6492 
6495 
6496 
6498 
6500 
6501 
6507 
6509 
6510 
6512 
6513 
6514 
6518 
6520 
6523 
6530 
6531 
6532 
6533 
6534 
6535 
6538 
6539 
6555 
6558 
6560 
6561 
6563 
6566 
6573 
6574 
6575 
6576 
6577 
6578 
6579 
6580 
6581 
6582 
6584 
6587 
6591 
6592 
6593 
6594 
6595 
6596 
6597 
6598 
6599 
6600 
6601 
6602 
6606 
6607 
6621 
6622 
6623 
6624 
6625 
6626 
6627 
6628 
6629 
6630 
6631 
6632 
6633 
6634 
6635 
6638 
6642 
6645 
6646 
6647 
6648 
6649 
6650 
6651 
6652 
6653 
6655 
6656 
6664 
6665 
6667 
6668 
6669 
6670 
6671 
6672 
6673 
6674 
6675 
6676 
6677 
6678 
6679 
6680 
6681 
6682 
6683 
6684 
6685 
6686 
6687 
6691 
6692 
6693 
6703 
6705 
6708 
6718 
6721 
6723 
6726 
6728 
6729 
6733 
6734 
6739 
6740 
6741 
6742 
6743 
6744 
6746 
6747 
6757 
6758 
6760 
6761 
6762 
6764 
6765 
6766 
6767 
6768 
6770 
6771 
6775 
6776 
6779 
6781 
6782 
6784 
6785 
6786 
6797 
6799 
6800 
6802 
6803 
6804 
6805 
6806 
6807 
6808 
6809 
6810 
6814 
6859 
6863 
6864 
6866 
6868 
6869 
6870 
6871 
6872 
6873 
6880 
6881 
6882 
6886 
6887 
6888 
6889 
6890 
6891 
6892 
6893 
6895 
6896 
6897 
6898 
6899 
6900 
6901 
6902 
6904 
6905 
6906 
6907 
6908 
6909 
6913 
6915 
6918 
6919 
6920 
6921 
6922 
6923 
6924 
6926 
6928 
6929 
6936 
6950 
6951 
6953 
6955 
6956 
6957 
6958 
6961 
6962 
6963 
6964 
6965 
6966 
6967 
6968 
6969 
6970 
6971 
6972 
6973 
6974 
6975 
6977 
6979 
6980 
6995 
6996 
7000 
7001 
7006 
7007 
7008 
7009 
7010 
7011 
7015 
7016 
7018 
7019 
7020 
7026 
7027 
7028 
7029 
7030 
7031 
7032 
7036 
7037 
7038 
7041 
7045 
7046 
7047 
7051 
7057 
7063 
7064 
7065 
7066 
7067 
7068 
7069 
7070 
7072 
7073 
7074 
7076 
7077 
7078 
7079 
7080 
7081 
7082 
7083 
7084 
7087 
7088 
7089 
7092 
7094 
7095 
7099 
7100 
7109 
7110 
7114 
7115 
7120 
7123 
7125 
7126 
7128 
7131 
7144 
7145 
7148 
7151 
7153 
7156 
7157 
7158 
7159 
7160 
7161 
7164 
7165 
7167 
7168 
7172 
7173 
7184 
7185 
7186 
7187 
7188 
7189 
7190 
7191 
7192 
7193 
7194 
7195 
7196 
7202 
7203 
7204 
7206 
7207 
7234 
7236 
7237 
7241 
7242 
7244 
7245 
7246 
7247 
7248 
7249 
7250 
7253 
7254 
7255 
7258 
7265 
7266 
7267 
7270 
7271 
7272 
7273 
7275 
7277 
7278 
7283 
7284 
7286 
7287 
7288 
7296 
7297 
7298 
7299 
7300 
7301 
7303 
7304 
7305 
7306 
7307 
7308 
7311 
7312 
7313 
7319 
7326 
7327 
7328 
7330 
7331 
7335 
7336 
7337 
7360 
7361 
7362 
7363 
7364 
7365 
7369 
7370 
7371 
7372 
7373 
7374 
7375 
7376 
7377 
7378 
7379 
7380 
7381 
7382 
7383 
7384 
7385 
7386 
7387 
7388 
7389 
7393 
7402 
7403 
7404 
7405 
7406 
7407 
7409 
7411 
7412 
7414 
7415 
7416 
7417 
7418 
7419 
7420 
7425 
7436 
7440 
7441 
7442 
7443 
7446 
7448 
7453 
7454 
7455 
7456 
7460 
7466 
7476 
7478 
7481 
7482 
7483 
7484 
7485 
7486 
7487 
7488 
7489 
7490 
7500 
7501 
7502 
7503 
7504 
7505 
7509 
7510 
7511 
7512 
7513 
7514 
7515 
7516 
7518 
7519 
7520 
7522 
7523 
7526 
7527 
7550 
7552 
7555 
7556 
7557 
7558 
7562 
7563 
7565 
7566 
7567 
7568 
7571 
7573 
7574 
7576 
7579 
7580 
7582 
7585 
7586 
7587 
7588 
7592 
7593 
7594 
7595 
7596 
7597 
7598 
7601 
7603 
7614 
7615 
7616 
7617 
7618 
7619 
7622 
7624 
7627 
7629 
7630 
7632 
7634 
7635 
7637 
7647 
7650 
7651 
7652 
7654 
7655 
7657 
7659 
7660 
7661 
7662 
7665 
7667 
7671 
7673 
7676 
7677 
7678 
7679 
7681 
7682 
7683 
7686 
7688 
7692 
7693 
7695 
7696 
7697 
7699 
7700 
7710 
7711 
7712 
7713 
7714 
7715 
7716 
7717 
7719 
7720 
7721 
7722 
7723 
7724 
7726 
7728 
7729 
7730 
7731 
7732 
7733 
7734 
7735 
7736 
7737 
7738 
7739 
7740 
7741 
7742 
7749 
7754 
7820 
7821 
7822 
7823 
7824 
7825 
7826 
7827 
7828 
7829 
7830 
7831 
7832 
7833 
7834 
7835 
7836 
7837 
7847 
7848 
7849 
7850 
7851 
7852 
7853 
7854 
7856 
7857 
7858 
7859 
7860 
7861 
7862 
7863 
7864 
7866 
7867 
7871 
7872 
7873 
7874 
7875 
7876 
7877 
7878 
7879 
7880 
7881 
7882 
7884 
7886 
7887 
7889 
7890 
7891 
7892 
7893 
7894 
7895 
7896 
7897 
7898 
7899 
7900 
7901 
7906 
7965 
7970 
7971 
7972 
7973 
7974 
7975 
7976 
7977 
7978 
7979 
7980 
7981 
7982 
7983 
7984 
7985 
7986 
7987 
7988 
7998 
7999 
8000 
8002 
8003 
8004 
8005 
8006 
8007 
8010 
8012 
8015 
8016 
8017 
8018 
8028 
8031 
8032 
8034 
8037 
8038 
8039 
8040 
8041 
8042 
8044 
8045 
8046 
8047 
8050 
8052 
8056 
8057 
8058 
8060 
8061 
8062 
8063 
8065 
8066 
8067 
8069 
8070 
8074 
8077 
8079 
8083 
8084 
8085 
8086 
8087 
8089 
8090 
8091 
8093 
8094 
8095 
8096 
8097 
8109 
8110 
8111 
8113 
8114 
8118 
8119 
8120 
8121 
8122 
8123 
8124 
8127 
8129 
8130 
8132 
8135 
8136 
8137 
8138 
8139 
8142 
8144 
8145 
8146 
8147 
8151 
8153 
8156 
8157 
8158 
8159 
8160 
8161 
8162 
8170 
8171 
8173 
8175 
8176 
8177 
8178 
8179 
8180 
8182 
8183 
8184 
8185 
8190 
8195 
8212 
8215 
8216 
8217 
8219 
8220 
8221 
8222 
8223 
8225 
8226 
8227 
8228 
8235 
8242 
8253 
8260 
8264 
8265 
8266 
8267 
8269 
8270 
8271 
8272 
8275 
8277 
8279 
8281 
8282 
8299 
8302 
8303 
8304 
8305 
8306 
8307 
8314 
8315 
8316 
8330 
8331 
8332 
8333 
8334 
8335 
8339 
8340 
8341 
8342 
8343 
8344 
8345 
8346 
8347 
8348 
8349 
8350 
8351 
8352 
8353 
8361 
8362 
8364 
8366 
8367 
8368 
8370 
8371 
8372 
8373 
8375 
8376 
8377 
8393 
8394 
8395 
8397 
8398 
8400 
8402 
8403 
8408 
8409 
8410 
8413 
8420 
8423 
8424 
8425 
8428 
8429 
8430 
8431 
8435 
8436 
8438 
8439 
8440 
8446 
8466 
8467 
8471 
8472 
8474 
8477 
8478 
8479 
8480 
8483 
8484 
8485 
8488 
8489 
8490 
8491 
8496 
8497 
8501 
8502 
8504 
8505 
8508 
8509 
8510 
8511 
8512 
8513 
8516 
8518 
8527 
8528 
8531 
8532 
8533 
8534 
8535 
8536 
8537 
8538 
8541 
8542 
8553 
8554 
8558 
8559 
8561 
8564 
8565 
8566 
8569 
8570 
8571 
8572 
8573 
8574 
8575 
8576 
8577 
8578 
8579 
8585 
8586 
8587 
8589 
8590 
8591 
8592 
8597 
8600 
8601 
8602 
8603 
8604 
8605 
8614 
8618 
8619 
8620 
8622 
8623 
8624 
8625 
8627 
8628 
8629 
8630 
8631 
8632 
8638 
8639 
8640 
8641 
8642 
8643 
8644 
8645 
8648 
8649 
8650 
8653 
8654 
8655 
8656 
8672 
8673 
8674 
8677 
8678 
8679 
8680 
8681 
8682 
8683 
8684 
8685 
8686 
8687 
8688 
8689 
8690 
8691 
8692 
8693 
8694 
8695 
8696 
8697 
8698 
8699 
8702 
8703 
8704 
8709 
8710 
8712 
8716 
8729 
8730 
8731 
8732 
8733 
8734 
8738 
8740 
8743 
8744 
8745 
8746 
8747 
8748 
8749 
8753 
8754 
8756 
8757 
8758 
8760 
8761 
8762 
8763 
8764 
8765 
8766 
8767 
8768 
8769 
8770 
8771 
8772 
8773 
8774 
8775 
8777 
8778 
8779 
8781 
8782 
8786 
8787 
8788 
8789 
8790 
8791 
8792 
8795 
8797 
8801 
8802 
8803 
8814 
8815 
8817 
8834 
8835 
8836 
8843 
8844 
8845 
8855 
8856 
8857 
8862 
8863 
8875 
8876 
8877 
8878 
8888 
8889 
8890 
8891 
8892 
8893 
8898 
8903 
8904 
8905 
8906 
8907 
8920 
8921 
8922 
8929 
8930 
8931 
8935 
8950 
8951 
8952 
8960 
8968 
8969 
8970 
8971 
8972 
8973 
8983 
8984 
8985 
8992 
8993 
8994 
8995 
8998 
8999 
9000 
9001 
9002 
9003 
9004 
9005 
9006 
9009 
9013 
9014 
9015 
9016 
9017 
9018 
9019 
9020 
9021 
9037 
9038 
9039 
9040 
9055 
9056 
9057 
9077 
9078 
9079 
9080 
9081 
9082 
9083 
9084 
9085 
9086 
9087 
9088 
9099 
9100 
9101 
9105 
9106 
9107 
9109 
9111 
9112 
9113 
9120 
9133 
9135 
9136 
9137 
9143 
9144 
9145 
9148 
9152 
9155 
9156 
9157 
9176 
9177 
9178 
9182 
9183 
9184 
9185 
9186 
9187 
9188 
9189 
9190 
9194 
9195 
9196 
9213 
9214 
9215 
9217 
9218 
9236 
9237 
9238 
9257 
9258 
9259 
9261 
9263 
9264 
9265 
9266 
9267 
9268 
9275 
9276 
9277 
9283 
9284 
9285 
9294 
9295 
9296 
9297 
9305 
9306 
9307 
9311 
9312 
9313 
9315 
9319 
9329 
9335 
9336 
9337 
9338 
9339 
9340 
9345 
9346 
9347 
9348 
9349 
9350 
9351 
9352 
9353 
9366 
9367 
9371 
9384 
9385 
9386 
9387 
9388 
9389 
9405 
9406 
9407 
9408 
9409 
9410 
9411 
9412 
9413 
9414 
9415 
9416 
9420 
9421 
9422 
9424 
9425 
9432 
9433 
9435 
9436 
9437 
9438 
9439 
9440 
9441 
9442 
9443 
9445 
9447 
9448 
9449 
9457 
9459 
9460 
9461 
9468 
9469 
9480 
9481 
9482 
9486 
9487 
9488 
9490 
9491 
9507 
9508 
9510 
9511 
9512 
9513 
9514 
9515 
9522 
9523 
9524 
9528 
9529 
9530 
9531 
9532 
9533 
9543 
9544 
9545 
9547 
9549 
9550 
9551 
9552 
9553 
9554 
9555 
9556 
9557 
9559 
9573 
9574 
9575 
9576 
9577 
9578 
9585 
9586 
9587 
9588 
9589 
9590 
9594 
9595 
9596 
9598 
9599 
9600 
9601 
9602 
9615 
9618 
9619 
9620 
9621 
9622 
9623 
9624 
9625 
9626 
9663 
9664 
9665 
9668 
9675 
9678 
9679 
9680 
9681 
9682 
9683 
9708 
9709 
9710 
9716 
9717 
9718 
9721 
9731 
9732 
9733 
9734 
9735 
9736 
9744 
9745 
9746 
9747 
9748 
9749 
9757 
9758 
9759 
9774 
9775 
9776 
9783 
9784 
9785 
9788 
9789 
9790 
9791 
9792 
9793 
9794 
9798 
9799 
9800 
9804 
9805 
9806 
9813 
9814 
9815 
9819 
9820 
9821 
9822 
9825 
9826 
9827 
9828 
9829 
9830 
9831 
9832 
9833 
9861 
9862 
9863 
9864 
9865 
9866 
9867 
9868 
9869 
9873 
9874 
9875 
9879 
9880 
9881 
9893 
9894 
9895 
9901 
9902 
9903 
9904 
9940 
9941 
9942 
9943 
9944 
9945 
9946 
9947 
9948 
9949 
9950 
9951 
9952 
9953 
9954 
9958 
9959 
9960 
9983 
9984 
9985 
9986 
9987 
9988 
9989 
9990 
9991 
9995 
10004 
10005 
10006 
10007 
10008 
10009 
10013 
10014 
10015 
10022 
10023 
10024 
10033 
10037 
10038 
10039 
10040 
10041 
10042 
10043 
10044 
10045 
10048 
10074 
10075 
10076 
10077 
10092 
10093 
10094 
10096 
10098 
10099 
10100 
10101 
10102 
10103 
10107 
10113 
10114 
10115 
10136 
10137 
10138 
10139 
10146 
10147 
10148 
10149 
10150 
10151 
10152 
10153 
10154 
10161 
10162 
10163 
10164 
10165 
10166 
10170 
10171 
10172 
10173 
10174 
10175 
10176 
10177 
10178 
10185 
10186 
10187 
10190 
10269 
10270 
10271 
10272 
10273 
10274 
10275 
10276 
10277 
10281 
10282 
10283 
10287 
10288 
10290 
10291 
10292 
10293 
10294 
10295 
10296 
10297 
10298 
10299 
10302 
10303 
10304 
10365 
10366 
10367 
10370 
10371 
10372 
10373 
10374 
10375 
10376 
10377 
10378 
10379 
10381 
10383 
10384 
10385 
10389 
10390 
10391 
10404 
10405 
10406 
10428 
10429 
10430 
10431 
10432 
10433 
10434 
10435 
10436 
10440 
10441 
10442 
10443 
10444 
10445 
10452 
10453 
10454 
10458 
10459 
10460 
10461 
10464 
10465 
10466 
10488 
10489 
10490 
10491 
10492 
10493 
10494 
10496 
10498 
10499 
10500 
10501 
10502 
10503 
10505 
10507 
10508 
10509 
10519 
10520 
10522 
10523 
10524 
10528 
10529 
10530 
10557 
10558 
10559 
10561 
10562 
10563 
10564 
10565 
10566 
10567 
10568 
10572 
10573 
10574 
10575 
10576 
10577 
10584 
10585 
10586 
10590 
10591 
10592 
10599 
10600 
10601 
10605 
10606 
10607 
10608 
10609 
10610 
10611 
10612 
10613 
10620 
10638 
10639 
10640 
10641 
10642 
10643 
10645 
10646 
10665 
10666 
10667 
10671 
10672 
10673 
10677 
10678 
10679 
10695 
10696 
10697 
10698 
10704 
10705 
10706 
10707 
10708 
10709 
10710 
10711 
10712 
10714 
10716 
10717 
10718 
10740 
10741 
10742 
10744 
10746 
10747 
10748 
10749 
10750 
10751 
10752 
10753 
10754 
10755 
10756 
10757 
10761 
10762 
10763 
10770 
10771 
10773 
10774 
10775 
10777 
10778 
10782 
10783 
10784 
10788 
10789 
10790 
10791 
10792 
10793 
10794 
10795 
10796 
10797 
10798 
10799 
10800 
10801 
10802 
10803 
10804 
10805 
10809 
10810 
10811 
10815 
10816 
10817 
10821 
10822 
10823 
10824 
10825 
10826 
10827 
10828 
10829 
10830 
10831 
10832 
10851 
10852 
10853 
10855 
10856 
10857 
10858 
10859 
10860 
10861 
10862 
10866 
10875 
10876 
10877 
10878 
10879 
10880 
10881 
10882 
10884 
10885 
10886 
10887 
10888 
10889 
10891 
10899 
10900 
10902 
10903 
10904 
10915 
10916 
10917 
10918 
10919 
10921 
10922 
10923 
10924 
10925 
10935 
10936 
10937 
10940 
10947 
10949 
10953 
10954 
10955 
10956 
10957 
10958 
10959 
10960 
10961 
10962 
10967 
10968 
10969 
10970 
10971 
10972 
10973 
10974 
10975 
10976 
10977 
10978 
10979 
10989 
10990 
10991 
10994 
11001 
11002 
11003 
11006 
11010 
11013 
11014 
11015 
11016 
11017 
11018 
11019 
11020 
11021 
11022 
11023 
11024 
11025 
11026 
11027 
11034 
11039 
11055 
11056 
11057 
11059 
11061 
11062 
11063 
11064 
11065 
11066 
11069 
11081 
11082 
11083 
11084 
11085 
11086 
11087 
11088 
11089 
11106 
11107 
11108 
11118 
11123 
11124 
11125 
11126 
11127 
11128 
11129 
11130 
11131 
11132 
11133 
11134 
11135 
11146 
11153 
11154 
11155 
11156 
11157 
11158 
11162 
11164 
11167 
11171 
11172 
11173 
11174 
11175 
11176 
11177 
11179 
11183 
11184 
11185 
11186 
11187 
11188 
11195 
11196 
11197 
11198 
11199 
11214 
11215 
11216 
11217 
11218 
11222 
11225 
11226 
11227 
11237 
11238 
11239 
11242 
11259 
11260 
11262 
11263 
11264 
11265 
11266 
11274 
11275 
11276 
11278 
11279 
11280 
11281 
11282 
11283 
11289 
11294 
11307 
11308 
11309 
11311 
11313 
11314 
11315 
11321 
11328 
11333 
11337 
11338 
11339 
11341 
11342 
11357 
11358 
11371 
11372 
11373 
11374 
11375 
11376 
11377 
11378 
11380 
11381 
11382 
11383 
11384 
11385 
11387 
11388 
11401 
11402 
11403 
11404 
11405 
11419 
11422 
11423 
11424 
11445 
11448 
11449 
11451 
11452 
11453 
11457 
11458 
11459 
11460 
11461 
11462 
11463 
11464 
11465 
11466 
11467 
11468 
11469 
11480 
11481 
11482 
11483 
11484 
11485 
11486 
11490 
11492 
11493 
11494 
11495 
11496 
11497 
11498 
11517 
11518 
11519 
11520 
11521 
11522 
11530 
11531 
11532 
11533 
11534 
11535 
11539 
11540 
11541 
11545 
11548 
11549 
11550 
11562 
11563 
11564 
11568 
11583 
11584 
11585 
11587 
11589 
11590 
11591 
11592 
11593 
11594 
11595 
11596 
11597 
11598 
11599 
11600 
11601 
11602 
11603 
11604 
11605 
11606 
11607 
11608 
11609 
11610 
11611 
11612 
11613 
11614 
11615 
11619 
11620 
11621 
11622 
11623 
11624 
11625 
11628 
11630 
11646 
11647 
11648 
11649 
11650 
11651 
11655 
11657 
11660 
11661 
11662 
11663 
11664 
11665 
11666 
11670 
11671 
11672 
11673 
11674 
11675 
11679 
11680 
11681 
11682 
11683 
11684 
11688 
11689 
11690 
11693 
11694 
11695 
11696 
11697 
11698 
11699 
11721 
11724 
11725 
11726 
11730 
11731 
11732 
11733 
11734 
11735 
11754 
11755 
11756 
11757 
11758 
11759 
11760 
11761 
11762 
11763 
11764 
11765 
11767 
11769 
11770 
11771 
11772 
11773 
11774 
11775 
11776 
11778 
11779 
11780 
11798 
11799 
11800 
11801 
11802 
11803 
11805 
11813 
11814 
11815 
11817 
11818 
11827 
11837 
11838 
11839 
11842 
11843 
11844 
11845 
11847 
11848 
11853 
11854 
11855 
11856 
11857 
11858 
11862 
11863 
11864 
11866 
11868 
11869 
11870 
11871 
11872 
11873 
11874 
11875 
11876 
11879 
11882 
11883 
11884 
11891 
11892 
11893 
11895 
11896 
11897 
11898 
11899 
11900 
11901 
11902 
11903 
11904 
11905 
11906 
11907 
11908 
11916 
11918 
11919 
11920 
11921 
11922 
11923 
11926 
11933 
11936 
11937 
11938 
11939 
11940 
11941 
12004 
12005 
12007 
12008 
12009 
12016 
12017 
12018 
12019 
12020 
12028 
12029 
12030 
12032 
12033 
12043 
12044 
12045 
12046 
12047 
12048 
12052 
12053 
12055 
12056 
12057 
12061 
12063 
12080 
12082 
12086 
12087 
12088 
12089 
12090 
12092 
12093 
12094 
12098 
12100 
12101 
12102 
12103 
12105 
12106 
12107 
12108 
12109 
12110 
12114 
12117 
12118 
12119 
12120 
12121 
12122 
12123 
12124 
12125 
12132 
12137 
12158 
12159 
12160 
12161 
12162 
12163 
12164 
12165 
12166 
12167 
12168 
12169 
12170 
12171 
12172 
12173 
12174 
12175 
12176 
12181 
12198 
12203 
12204 
12205 
12206 
12207 
12208 
12209 
12210 
12211 
12212 
12213 
12214 
12215 
12216 
12217 
12218 
12220 
12221 
12222 
12224 
12226 
12227 
12228 
12243 
12244 
12245 
12247 
12249 
12250 
12251 
12255 
12258 
12259 
12260 
12262 
12264 
12265 
12266 
12270 
12271 
12272 
12274 
12276 
12277 
12278 
12279 
12282 
12283 
12284 
12288 
12289 
12290 
12292 
12294 
12295 
12296 
12303 
12306 
12307 
12308 
12309 
12310 
12311 
12312 
12313 
12314 
12315 
12316 
12317 
12318 
12323 
12330 
12331 
12332 
12333 
12334 
12335 
12342 
12347 
12350 
12357 
12358 
12359 
12360 
12361 
12362 
12363 
12364 
12365 
12368 
12369 
12370 
12371 
12373 
12375 
12376 
12377 
12381 
12382 
12383 
12385 
12387 
12388 
12389 
12390 
12391 
12392 
12394 
12396 
12397 
12398 
12418 
12426 
12430 
12431 
12432 
12434 
12436 
12437 
12438 
12442 
12443 
12444 
12447 
12458 
12459 
12460 
12461 
12462 
12501 
12507 
12510 
12511 
12512 
12516 
12517 
12518 
12519 
12520 
12528 
12533 
12534 
12535 
12536 
12537 
12538 
12539 
12550 
12551 
12552 
12553 
12554 
12555 
12556 
12557 
12558 
12559 
12560 
12561 
12562 
12567 
12568 
12573 
12580 
12581 
12582 
12583 
12584 
12585 
12614 
12615 
12616 
12617 
12618 
12619 
12620 
12621 
12622 
12629 
12630 
12631 
12632 
12633 
12634 
12635 
12636 
12637 
12647 
12663 
12664 
12665 
12666 
12667 
12668 
12671 
12675 
12676 
12677 
12678 
12679 
12681 
12682 
12683 
12684 
12687 
12688 
12689 
12699 
12708 
12709 
12711 
12712 
12713 
12720 
12721 
12722 
12726 
12729 
12730 
12731 
12732 
12733 
12734 
12735 
12736 
12741 
12742 
12744 
12745 
12746 
12753 
12755 
12787 
12788 
12789 
12790 
12791 
12795 
12797 
12804 
12805 
12806 
12808 
12809 
12813 
12815 
12819 
12820 
12821 
12822 
12823 
12824 
12826 
12828 
12829 
12830 
12834 
12835 
12836 
12840 
12842 
12843 
12844 
12845 
12846 
12847 
12848 
12856 
12857 
12858 
12859 
12860 
12864 
12866 
12868 
12869 
12870 
12871 
12872 
12879 
12880 
12881 
12883 
12884 
12889 
12890 
12907 
12908 
12910 
12911 
12912 
12919 
12921 
12925 
12926 
12927 
12928 
12929 
12937 
12938 
12939 
12940 
12941 
12942 
12946 
12947 
12949 
12950 
12951 
12955 
12956 
12957 
12960 
12961 
12962 
12963 
12965 
12966 
12970 
12971 
12972 
12973 
12974 
12975 
12982 
12987 
12988 
12989 
12990 
12991 
12992 
12993 
12994 
12995 
12996 
13002 
13003 
13004 
13005 
13006 
13007 
13008 
13009 
13010 
13011 
13012 
13013 
13014 
13015 
13016 
13017 
13018 
13019 
13020 
13029 
13036 
13151 
13152 
13153 
13154 
13155 
13156 
13157 
13158 
13159 
13160 
13161 
13163 
13164 
13165 
13169 
13170 
13171 
13172 
13173 
13174 
13175 
13176 
13177 
13178 
13183 
13190 
13191 
13192 
13193 
13194 
13195 
13196 
13197 
13198 
13199 
13200 
13201 
13202 
13203 
13204 
13205 
13206 
13207 
13208 
13209 
13210 
13211 
13217 
13218 
13219 
13221 
13223 
13224 
13225 
13226 
13227 
13228 
13231 
13238 
13302 
13309 
13312 
13313 
13314 
13315 
13316 
13317 
13318 
13319 
13320 
13321 
13322 
13323 
13324 
13325 
13326 
13327 
13329 
13333 
13334 
13335 
13336 
13337 
13357 
13358 
13364 
13365 
13366 
13367 
13368 
13372 
13374 
13375 
13378 
13379 
13380 
13384 
13385 
13386 
13388 
13389 
13393 
13394 
13395 
13396 
13397 
13398 
13408 
13409 
13410 
13413 
13414 
13415 
13416 
13418 
13419 
13424 
13425 
13426 
13427 
13428 
13453 
13454 
13456 
13457 
13458 
13465 
13466 
13467 
13468 
13469 
13470 
13474 
13475 
13476 
13478 
13480 
13481 
13482 
13483 
13484 
13485 
13487 
13489 
13490 
13491 
13495 
13496 
13497 
13498 
13499 
13500 
13501 
13503 
13507 
13508 
13509 
13513 
13514 
13515 
13517 
13518 
13519 
13520 
13521 
13522 
13523 
13524 
13526 
13530 
13567 
13569 
13570 
13571 
13572 
13573 
13574 
13578 
13579 
13580 
13583 
13584 
13585 
13586 
13588 
13589 
13593 
13594 
13596 
13597 
13598 
13607 
13626 
13635 
13636 
13637 
13639 
13640 
13644 
13645 
13647 
13648 
13649 
13650 
13653 
13654 
13655 
13659 
13660 
13661 
13664 
13668 
13669 
13670 
13683 
13684 
13685 
13686 
13687 
13688 
13703 
13704 
13705 
13706 
13707 
13708 
13709 
13710 
13711 
13712 
13713 
13714 
13721 
13722 
13723 
13727 
13728 
13729 
13730 
13731 
13732 
13733 
13736 
13737 
13738 
13763 
13764 
13765 
13768 
13772 
13773 
13774 
13775 
13776 
13787 
13818 
13819 
13820 
13821 
13822 
13826 
13827 
13828 
13831 
13837 
13844 
13845 
13846 
13847 
13848 
13849 
13853 
13854 
13855 
13857 
13859 
13860 
13861 
13875 
13879 
13880 
13881 
13882 
13883 
13884 
13885 
13886 
13887 
13888 
13889 
13890 
13893 
13903 
13905 
13908 
13909 
13910 
13911 
13912 
13913 
13914 
13924 
13929 
13930 
13931 
13932 
13933 
13934 
13935 
13936 
13937 
13938 
13939 
13940 
13941 
13954 
13959 
13966 
13967 
13968 
13969 
13970 
13971 
13975 
13976 
13977 
13978 
13979 
13980 
13981 
13984 
13986 
13990 
13991 
13992 
13993 
13994 
13995 
14002 
14068 
14069 
14070 
14071 
14072 
14073 
14074 
14075 
14076 
14077 
14078 
14079 
14086 
14087 
14088 
14089 
14090 
14091 
14092 
14093 
14094 
14095 
14096 
14097 
14101 
14102 
14103 
14110 
14111 
14112 
14116 
14117 
14118 
14128 
14129 
14130 
14146 
14147 
14148 
14149 
14150 
14151 
14152 
14153 
14154 
14155 
14156 
14157 
14158 
14159 
14160 
14176 
14177 
14178 
14179 
14180 
14181 
14182 
14183 
14184 
14188 
14189 
14190 
14209 
14210 
14211 
14215 
14216 
14217 
14236 
14237 
14238 
14260 
14261 
14262 
14263 
14264 
14265 
14266 
14267 
14268 
14269 
14270 
14271 
14281 
14282 
14283 
14284 
14285 
14286 
14287 
14288 
14289 
14290 
14291 
14292 
14302 
14303 
14304 
14308 
14309 
14310 
14326 
14327 
14328 
14335 
14336 
14337 
14350 
14351 
14352 
14359 
14360 
14361 
14368 
14369 
14370 
14371 
14372 
14373 
14383 
14384 
14385 
14398 
14399 
14400 
14401 
14402 
14403 
14404 
14405 
14406 
14410 
14411 
14412 
14419 
14420 
14421 
14422 
14423 
14424 
14425 
14426 
14427 
14428 
14429 
14430 
14431 
14432 
14433 
14437 
14438 
14439 
14440 
14441 
14442 
14446 
14447 
14448 
14449 
14450 
14451 
14452 
14453 
14454 
14458 
14459 
14460 
14461 
14462 
14463 
14464 
14465 
14466 
14470 
14471 
14472 
14473 
14474 
14475 
14476 
14477 
14478 
14479 
14480 
14481 
14485 
14486 
14487 
14488 
14489 
14490 
14491 
14492 
14493 
14494 
14495 
14496 
14506 
14507 
14508 
14509 
14510 
14511 
14512 
14513 
14514 
14575 
14576 
14577 
14578 
14579 
14580 
14581 
14582 
14583 
14584 
14585 
14586 
14587 
14588 
14589 
14590 
14591 
14592 
14605 
14606 
14607 
14608 
14609 
14610 
14611 
14612 
14613 
14614 
14615 
14616 
14617 
14618 
14619 
14620 
14621 
14622 
14623 
14624 
14625 
14626 
14627 
14628 
14629 
14630 
14631 
14632 
14633 
14634 
14635 
14636 
14637 
14638 
14639 
14640 
14644 
14645 
14646 
14647 
14648 
14649 
14650 
14651 
14652 
14653 
14654 
14655 
14659 
14660 
14661 
14665 
14666 
14667 
14668 
14669 
14670 
14677 
14678 
14679 
14680 
14681 
14682 
14686 
14687 
14688 
14689 
14690 
14691 
14692 
14693 
14694 
14710 
14711 
14712 
14713 
14714 
14715 
14716 
14717 
14718 
14719 
14720 
14721 
14728 
14729 
14730 
14743 
14744 
14745 
14746 
14747 
14748 
14749 
14750 
14751 
14752 
14753 
14754 
14767 
14768 
14769 
14770 
14771 
14772 
14773 
14774 
14775 
14776 
14777 
14778 
14779 
14780 
14781 
14782 
14783 
14784 
14785 
14786 
14787 
14794 
14795 
14796 
14797 
14798 
14799 
14809 
14810 
14811 
14818 
14819 
14820 
14824 
14825 
14826 
14827 
14828 
14829 
14842 
14843 
14844 
14845 
14846 
14847 
14848 
14849 
14850 
14863 
14864 
14865 
14866 
14867 
14868 
14869 
14870 
14871 
14881 
14882 
14883 
14884 
14885 
14886 
14899 
14900 
14901 
14905 
14906 
14907 
14911 
14912 
14913 
14923 
14924 
14925 
14926 
14927 
14928 
14929 
14930 
14931 
14932 
14933 
14934 
14935 
14936 
14937 
14938 
14939 
14940 
14941 
14942 
14943 
14944 
14945 
14946 
14956 
14957 
14958 
14959 
14960 
14961 
14962 
14963 
14964 
14965 
14966 
14967 
14968 
14969 
14970 
14971 
14972 
14973 
14974 
14975 
14976 
14977 
14978 
14979 
14992 
14993 
14994 
14995 
14996 
14997 
15016 
15017 
15018 
15037 
15038 
15039 
15046 
15047 
15048 
15049 
15050 
15051 
15052 
15053 
15054 
15070 
15071 
15072 
15073 
15074 
15075 
15079 
15080 
15081 
15094 
15095 
15096 
15100 
15101 
15102 
15112 
15113 
15114 
15115 
15116 
15117 
15118 
15119 
15120 
15130 
15131 
15132 
15133 
15134 
15135 
15136 
15137 
15138 
15139 
15140 
15141 
15142 
15143 
15144 
15145 
15146 
15147 
15148 
15149 
15150 
15151 
15152 
15153 
15163 
15164 
15165 
15181 
15182 
15183 
15205 
15206 
15207 
15208 
15209 
15210 
15214 
15215 
15216 
15220 
15221 
15222 
15223 
15224 
15225 
15232 
15233 
15234 
15241 
15242 
15243 
15247 
15248 
15249 
15250 
15251 
15252 
15253 
15254 
15255 
15256 
15257 
15258 
15262 
15263 
15264 
15265 
15266 
15267 
15268 
15269 
15270 
15277 
15278 
15279 
15280 
15281 
15282 
15283 
15284 
15285 
15286 
15287 
15288 
15289 
15290 
15291 
15292 
15293 
15294 
15295 
15296 
15297 
15298 
15299 
15300 
15301 
15302 
15303 
15313 
15314 
15315 
15316 
15317 
15318 
15319 
15320 
15321 
15379 
15380 
15381 
15382 
15383 
15384 
15385 
15386 
15387 
15394 
15395 
15396 
15406 
15407 
15408 
15415 
15416 
15417 
15433 
15434 
15435 
15436 
15437 
15438 
15442 
15443 
15444 
15445 
15446 
15447 
15460 
15461 
15462 
15466 
15467 
15468 
15469 
15470 
15471 
15472 
15473 
15474 
15481 
15482 
15483 
15484 
15485 
15486 
15496 
15497 
15498 
15499 
15500 
15501 
15511 
15512 
15513 
15541 
15542 
15543 
15544 
15545 
15546 
15589 
15590 
15591 
15592 
15593 
15594 
15595 
15596 
15597 
15598 
15599 
15600 
15607 
15608 
15609 
15610 
15611 
15612 
15613 
15614 
15615 
15616 
15617 
15618 
15625 
15626 
15627 
15628 
15629 
15630 
15631 
15632 
15633 
15643 
15644 
15645 
15661 
15662 
15663 
15676 
15677 
15678 
15685 
15686 
15687 
15694 
15695 
15696 
15715 
15716 
15717 
15718 
15719 
15720 
15721 
15722 
15723 
15724 
15725 
15726 
15745 
15746 
15747 
15748 
15749 
15750 
15751 
15752 
15753 
15754 
15755 
15756 
15757 
15758 
15759 
15769 
15770 
15771 
15772 
15773 
15774 
15799 
15800 
15801 
15811 
15812 
15813 
15817 
15818 
15819 
15820 
15821 
15822 
15823 
15824 
15825 
15826 
15827 
15828 
15829 
15830 
15831 
15844 
15845 
15846 
15847 
15848 
15849 
15850 
15851 
15852 
15853 
15854 
15855 
15856 
15857 
15858 
15859 
15860 
15861 
15862 
15863 
15864 
15871 
15872 
15873 
15877 
15878 
15879 
15880 
15881 
15882 
15886 
15887 
15888 
15889 
15890 
15891 
15892 
15893 
15894 
15922 
15923 
15924 
15925 
15926 
15927 
15928 
15929 
15930 
15949 
15950 
15951 
15952 
15953 
15954 
15967 
15968 
15969 
15970 
15971 
15972 
15976 
15977 
15978 
16039 
16040 
16041 
16042 
16043 
16044 
16045 
16046 
16047 
16048 
16049 
16050 
16051 
16052 
16053 
16054 
16055 
16056 
16060 
16061 
16062 
16063 
16064 
16065 
16087 
16088 
16089 
16105 
16106 
16107 
16108 
16109 
16110 
16114 
16115 
16116 
16117 
16118 
16119 
16120 
16121 
16122 
16129 
16130 
16131 
16132 
16133 
16134 
16135 
16136 
16137 
16144 
16145 
16146 
16147 
16148 
16149 
16150 
16151 
16152 
16153 
16154 
16155 
16159 
16160 
16161 
16180 
16181 
16182 
16183 
16184 
16185 
16186 
16187 
16188 
16192 
16193 
16194 
16195 
16196 
16197 
16198 
16199 
16200 
16201 
16202 
16203 
16204 
16205 
16206 
16207 
16208 
16209 
16210 
16211 
16212 
16231 
16232 
16233 
16234 
16235 
16236 
16237 
16238 
16239 
16240 
16241 
16242 
16243 
16244 
16245 
16264 
16265 
16266 
16267 
16268 
16269 
16270 
16271 
16272 
16276 
16277 
16278 
16297 
16298 
16299 
16300 
16301 
16302 
16309 
16310 
16311 
16312 
16313 
16314 
16315 
16316 
16317 
16318 
16319 
16320 
16321 
16322 
16323 
16324 
16325 
16326 
16327 
16328 
16329 
16339 
16340 
16341 
16342 
16343 
16344 
16345 
16346 
16347 
16360 
16361 
16362 
16366 
16367 
16368 
)

// ************************************************************************* //
