/*--------------------------------*- C++ -*----------------------------------*\
| =========                 |                                                 |
| \\      /  F ield         | OpenFOAM: The Open Source CFD Toolbox           |
|  \\    /   O peration     | Version:  5.x                                   |
|   \\  /    A nd           | Web:      www.OpenFOAM.org                      |
|    \\/     M anipulation  |                                                 |
\*---------------------------------------------------------------------------*/
FoamFile
{
    version     2.0;
    format      ascii;
    class       cellSet;
    location    "constant/polyMesh/sets";
    object      region0;
}
// * * * * * * * * * * * * * * * * * * * * * * * * * * * * * * * * * * * * * //


3512
(
0 
1 
2 
3 
4 
5 
6 
7 
8 
9 
10 
11 
12 
13 
14 
15 
16 
17 
18 
19 
20 
21 
22 
23 
24 
25 
26 
27 
28 
29 
30 
31 
32 
33 
34 
35 
36 
37 
38 
16423 
39 
16424 
40 
16425 
41 
16426 
42 
16427 
43 
16428 
44 
45 
46 
47 
48 
49 
50 
51 
52 
53 
54 
55 
56 
57 
58 
59 
60 
61 
62 
63 
64 
65 
66 
67 
68 
69 
70 
71 
16456 
72 
16457 
73 
16458 
74 
75 
76 
77 
78 
79 
80 
81 
82 
83 
84 
85 
86 
8278 
87 
88 
8280 
89 
90 
91 
8283 
92 
8284 
93 
8285 
94 
8286 
95 
8287 
16480 
96 
8288 
16481 
97 
8289 
16482 
98 
8290 
16483 
99 
8291 
16484 
100 
8292 
16485 
101 
8293 
102 
8294 
103 
8295 
104 
8296 
105 
8297 
106 
8298 
107 
108 
8300 
109 
8301 
110 
111 
112 
113 
114 
115 
116 
117 
118 
119 
120 
121 
122 
123 
124 
125 
126 
127 
128 
129 
130 
131 
132 
133 
134 
135 
136 
137 
138 
139 
140 
141 
142 
143 
144 
145 
146 
147 
148 
149 
150 
151 
152 
153 
154 
155 
156 
157 
158 
159 
160 
161 
162 
8354 
163 
8355 
164 
8356 
165 
8357 
166 
8358 
167 
8359 
168 
8360 
169 
170 
171 
8363 
172 
173 
8365 
174 
175 
176 
177 
178 
179 
180 
181 
182 
16567 
183 
16568 
184 
16569 
185 
16570 
186 
16571 
187 
16572 
188 
16573 
189 
16574 
190 
16575 
191 
16576 
192 
16577 
193 
16578 
194 
195 
196 
197 
16582 
198 
16583 
199 
16584 
200 
16585 
201 
16586 
202 
16587 
203 
204 
205 
206 
207 
8399 
208 
209 
8401 
210 
211 
212 
8404 
213 
8405 
214 
8406 
215 
8407 
216 
217 
218 
219 
8411 
220 
8412 
221 
222 
8414 
223 
8415 
224 
8416 
16609 
225 
8417 
16610 
226 
8418 
16611 
227 
8419 
228 
229 
8421 
230 
8422 
231 
232 
233 
234 
8426 
235 
8427 
236 
237 
238 
239 
240 
241 
242 
243 
244 
245 
246 
247 
248 
249 
250 
251 
16636 
252 
16637 
253 
16638 
254 
255 
256 
257 
258 
259 
260 
261 
262 
263 
264 
265 
266 
267 
268 
269 
270 
271 
272 
273 
274 
275 
276 
277 
278 
279 
280 
281 
282 
283 
284 
285 
286 
287 
288 
289 
8481 
290 
8482 
291 
292 
293 
294 
8486 
295 
8487 
296 
297 
298 
299 
300 
8492 
301 
8493 
302 
8494 
303 
8495 
304 
305 
306 
8498 
307 
8499 
308 
8500 
309 
310 
311 
8503 
312 
313 
314 
8506 
315 
8507 
316 
317 
318 
319 
320 
321 
322 
323 
324 
325 
326 
327 
328 
329 
330 
331 
332 
333 
334 
335 
336 
337 
338 
339 
340 
341 
342 
343 
344 
345 
346 
347 
8539 
348 
8540 
349 
350 
351 
8543 
352 
8544 
353 
8545 
354 
8546 
355 
8547 
356 
8548 
357 
8549 
358 
8550 
359 
8551 
360 
8552 
361 
362 
16747 
363 
8555 
16748 
364 
8556 
16749 
365 
8557 
16750 
366 
16751 
367 
16752 
368 
8560 
369 
370 
8562 
371 
8563 
372 
373 
374 
16759 
375 
8567 
16760 
376 
8568 
16761 
377 
378 
382 
383 
384 
385 
386 
387 
388 
389 
390 
391 
392 
393 
394 
395 
396 
397 
398 
399 
400 
401 
402 
403 
404 
405 
406 
407 
408 
409 
410 
411 
412 
413 
414 
415 
16807 
16808 
16809 
425 
426 
427 
428 
429 
430 
431 
432 
433 
434 
435 
436 
437 
438 
439 
440 
441 
442 
443 
444 
445 
446 
447 
448 
449 
450 
451 
452 
453 
8646 
8647 
8651 
8652 
8657 
8658 
467 
8659 
468 
8660 
469 
8661 
470 
8662 
471 
8663 
472 
8664 
473 
8665 
474 
8666 
475 
8667 
476 
8668 
477 
8669 
478 
8670 
479 
8671 
480 
481 
482 
483 
8675 
484 
8676 
485 
486 
487 
488 
489 
490 
491 
492 
508 
8700 
509 
8701 
510 
511 
512 
513 
8705 
514 
8706 
515 
8707 
516 
8708 
517 
518 
519 
8711 
520 
521 
8713 
522 
8714 
523 
8715 
524 
525 
8717 
526 
8718 
527 
8719 
528 
8720 
529 
8721 
530 
8722 
531 
8723 
8724 
8725 
8726 
8727 
8728 
8735 
8736 
8737 
8739 
549 
8741 
550 
8742 
551 
552 
553 
554 
555 
556 
557 
558 
8750 
559 
8751 
560 
8752 
561 
562 
563 
8755 
564 
565 
566 
567 
8759 
568 
569 
570 
8776 
8780 
589 
590 
591 
8783 
592 
8784 
593 
8785 
594 
595 
596 
597 
598 
599 
600 
601 
8793 
602 
8794 
603 
604 
8796 
605 
606 
8798 
607 
8799 
608 
8800 
609 
8804 
8805 
8806 
8807 
8808 
8809 
8810 
8811 
8812 
8813 
8816 
8818 
8819 
628 
8820 
629 
8821 
630 
8822 
631 
8823 
632 
8824 
633 
8825 
634 
8826 
635 
8827 
636 
8828 
637 
8829 
638 
8830 
639 
8831 
640 
8832 
641 
8833 
642 
643 
644 
645 
646 
647 
668 
669 
670 
671 
672 
673 
674 
675 
676 
677 
678 
679 
680 
681 
682 
683 
684 
685 
686 
707 
708 
709 
710 
711 
712 
713 
714 
715 
716 
717 
718 
719 
720 
721 
722 
723 
724 
725 
17122 
17123 
17124 
747 
748 
749 
17134 
750 
17135 
751 
17136 
752 
753 
754 
755 
756 
757 
758 
759 
760 
761 
762 
763 
764 
787 
788 
789 
790 
791 
792 
793 
794 
795 
796 
797 
17182 
798 
17183 
799 
17184 
800 
801 
802 
803 
804 
820 
821 
822 
823 
824 
825 
826 
827 
828 
829 
830 
831 
832 
833 
834 
835 
836 
837 
860 
861 
862 
863 
864 
865 
866 
867 
868 
869 
870 
871 
872 
873 
874 
875 
876 
877 
878 
900 
901 
902 
903 
904 
905 
906 
907 
908 
909 
910 
911 
912 
913 
914 
915 
916 
917 
918 
939 
940 
941 
942 
943 
944 
945 
946 
947 
948 
949 
950 
951 
952 
953 
954 
955 
956 
957 
978 
979 
980 
981 
982 
983 
984 
985 
986 
987 
988 
989 
990 
991 
992 
993 
994 
995 
996 
997 
1016 
1017 
1018 
1019 
1020 
1021 
1022 
1023 
1024 
1025 
1026 
1027 
1028 
1029 
1030 
1031 
1032 
1033 
1034 
1035 
1036 
1055 
1056 
1057 
1058 
1059 
1060 
1061 
1062 
1063 
1064 
1065 
1066 
1067 
1068 
1069 
1070 
1071 
1072 
1073 
1074 
1075 
1076 
1094 
1095 
1096 
1097 
1098 
1099 
1100 
1101 
1102 
1103 
1104 
1105 
1106 
1107 
1108 
1109 
1110 
1111 
1112 
1113 
1114 
1115 
1116 
1117 
1133 
1134 
1135 
1136 
1137 
1138 
1139 
1140 
1141 
1142 
1143 
1144 
1145 
1146 
1147 
1148 
1149 
1150 
1151 
1152 
1153 
1154 
1155 
1156 
1157 
1158 
1172 
1173 
1174 
1175 
1176 
1177 
1178 
1179 
1180 
1181 
1182 
1183 
1184 
1185 
1186 
1187 
1188 
1189 
1190 
1191 
1192 
1193 
1194 
1195 
1196 
1197 
1198 
1199 
1200 
1210 
1211 
1212 
1213 
1214 
1215 
1216 
1217 
1218 
1219 
1220 
1221 
1222 
1223 
1224 
1225 
1226 
1227 
1228 
1229 
1230 
1231 
1232 
1233 
1234 
1235 
1236 
1237 
1238 
1239 
1240 
1241 
1242 
1243 
1244 
1245 
1246 
1247 
1248 
1249 
1250 
1251 
1252 
1253 
1254 
1255 
1256 
1257 
1258 
1259 
1260 
1261 
1262 
1263 
1264 
1265 
1266 
1267 
1268 
1269 
1270 
1271 
1272 
1273 
1274 
1275 
1276 
1277 
1278 
1279 
1280 
1281 
1282 
1283 
1284 
1285 
1286 
1287 
1288 
1289 
1290 
1291 
1292 
1293 
1294 
1295 
1296 
1297 
1298 
1299 
1300 
1301 
1302 
1303 
1304 
1305 
1306 
1307 
1308 
1309 
1310 
1311 
1312 
1313 
1314 
1315 
1316 
1317 
1318 
1319 
1320 
1321 
1322 
1323 
1324 
1325 
1326 
1327 
1328 
1329 
1330 
1331 
1332 
1333 
1334 
1335 
1336 
1337 
1338 
1339 
1340 
1341 
1342 
1343 
1344 
1345 
1346 
1347 
1348 
1349 
1350 
1351 
1352 
1353 
1354 
1355 
1356 
1357 
1358 
1359 
1360 
1361 
1362 
1363 
1364 
1365 
1366 
1367 
1368 
1369 
1370 
1371 
1372 
1373 
1374 
1375 
1376 
1377 
1378 
1379 
1380 
1381 
1382 
1383 
1384 
1385 
1386 
1387 
1388 
1389 
1390 
1391 
1392 
1393 
1394 
1395 
1396 
1397 
1398 
1399 
1400 
1401 
1402 
1403 
1404 
1405 
1406 
1407 
1408 
1409 
1410 
1411 
1412 
1413 
1414 
1415 
1416 
1417 
1418 
1419 
1420 
1421 
1422 
1423 
1424 
1425 
1426 
1427 
1428 
1429 
1430 
1431 
1432 
1433 
1434 
1435 
1436 
1437 
1438 
1439 
1440 
1441 
1442 
1443 
1444 
1445 
1446 
1447 
1448 
1449 
1450 
1451 
1452 
1453 
1454 
1455 
1456 
1457 
1458 
1459 
1460 
1461 
1462 
1463 
1464 
1465 
1466 
1467 
1468 
1469 
1470 
1471 
1472 
1473 
1474 
1475 
1476 
1477 
1478 
1479 
1480 
1481 
1482 
1483 
1484 
1485 
1486 
1487 
1488 
1489 
1490 
1491 
1492 
1493 
1494 
1495 
1496 
1497 
1498 
1499 
1500 
1501 
1502 
1503 
1504 
1505 
1506 
1507 
1508 
1509 
1510 
1511 
17896 
1512 
17897 
1513 
17898 
1514 
17899 
1515 
17900 
1516 
17901 
1517 
17902 
1518 
17903 
1519 
17904 
1520 
17905 
1521 
17906 
1522 
17907 
1523 
17908 
1524 
17909 
1525 
17910 
1526 
17911 
1527 
17912 
1528 
17913 
1529 
17914 
1530 
17915 
1531 
17916 
1532 
17917 
1533 
17918 
1534 
17919 
1535 
1536 
1537 
1538 
17923 
1539 
17924 
1540 
17925 
1541 
17926 
1542 
17927 
1543 
17928 
1544 
1545 
1546 
1547 
1548 
1549 
1550 
17935 
1551 
17936 
1552 
17937 
1553 
17938 
1554 
17939 
1555 
17940 
1556 
1557 
1558 
1559 
1560 
1561 
1562 
1563 
1564 
1565 
1566 
1567 
1568 
1569 
1570 
1571 
1572 
1573 
1574 
1575 
1576 
1577 
1578 
1579 
1580 
17965 
1581 
17966 
1582 
17967 
1583 
1584 
1585 
1586 
17971 
1587 
17972 
1588 
17973 
1589 
1590 
1591 
1592 
1593 
1594 
1595 
1596 
1597 
1598 
1599 
1600 
1601 
1602 
1603 
1604 
1605 
1606 
1608 
1611 
1614 
18007 
18008 
18009 
1626 
18013 
1629 
18014 
18015 
1632 
1634 
1635 
1636 
1637 
1638 
1639 
1641 
1644 
18043 
18044 
18045 
1662 
1665 
1667 
1668 
1669 
18055 
1671 
18056 
18057 
18058 
18059 
18060 
18067 
18068 
18069 
18070 
18071 
18072 
18076 
18077 
18078 
18079 
1695 
18080 
18081 
1697 
18082 
1698 
18083 
1699 
18084 
18085 
1701 
18086 
18087 
18088 
18089 
18090 
18097 
18098 
18099 
1725 
1727 
18112 
1728 
18113 
1729 
18114 
1731 
1756 
1758 
1759 
1760 
1761 
1762 
1763 
1785 
1786 
1787 
1788 
1789 
1790 
1792 
18193 
18194 
18195 
18202 
18203 
18204 
18208 
18209 
1825 
18210 
1827 
1828 
1829 
18214 
18215 
18216 
1878 
1879 
1880 
1881 
1882 
1883 
1919 
1920 
1921 
1922 
1923 
1924 
1925 
1926 
1965 
1966 
1967 
1968 
1969 
1970 
1971 
2006 
2007 
2008 
2009 
2010 
2011 
2053 
2054 
2055 
2056 
2057 
2058 
2059 
2096 
2098 
2099 
2100 
2101 
2102 
2103 
2104 
2139 
2140 
2141 
2142 
2143 
2144 
2193 
2194 
2195 
2196 
2198 
2229 
2231 
2232 
2233 
2234 
2235 
2236 
2237 
2259 
2260 
2261 
2262 
2263 
2264 
2265 
2267 
2291 
2293 
2294 
2295 
2296 
2297 
2299 
2321 
2323 
2324 
2325 
2326 
2327 
2329 
2351 
2353 
2354 
2355 
2356 
2357 
2359 
2360 
2362 
2378 
2380 
2381 
2383 
2384 
2385 
2386 
2387 
2388 
2389 
2390 
2392 
2393 
2395 
2396 
2398 
2408 
2410 
2411 
2413 
2414 
2416 
2417 
2418 
2419 
2420 
2421 
2422 
2423 
2424 
2425 
2426 
2427 
2428 
2429 
2430 
2431 
2432 
2433 
2434 
2435 
2436 
2437 
2438 
2439 
2440 
2441 
2442 
2443 
2444 
2445 
2446 
2447 
2448 
2451 
2454 
2463 
2466 
2468 
2469 
2470 
2471 
2472 
2473 
2474 
2475 
2486 
2487 
2488 
2489 
2490 
2491 
2492 
2493 
2494 
2496 
2514 
2515 
2516 
2517 
2518 
2519 
2520 
2521 
2522 
2523 
2551 
2552 
2553 
2554 
2555 
2556 
2557 
2559 
2578 
2579 
2580 
2602 
2624 
2625 
2626 
2627 
2628 
2629 
2630 
2631 
2632 
2662 
2663 
2664 
2665 
2666 
2667 
2695 
2734 
2735 
2736 
2776 
2777 
2778 
2808 
2809 
2810 
2811 
2853 
2854 
2855 
2856 
2885 
2886 
2887 
2888 
2889 
2890 
2891 
2892 
2919 
2920 
2921 
2956 
2957 
2958 
2959 
2982 
3004 
3005 
3006 
3007 
3008 
3009 
3010 
3011 
3012 
3037 
3038 
3039 
3040 
3041 
3042 
3043 
3044 
3045 
3046 
3047 
3069 
3070 
3072 
3073 
3074 
3075 
3076 
3077 
3078 
3090 
3091 
3092 
3093 
3094 
3095 
3096 
3097 
3098 
3099 
3100 
3108 
3109 
3111 
3112 
3113 
3114 
3115 
3116 
3117 
3118 
3119 
3120 
3121 
3122 
3123 
3124 
3125 
3126 
3127 
3128 
3129 
3130 
3131 
3132 
3133 
3134 
3135 
3136 
3137 
3138 
3139 
3140 
3141 
3142 
3143 
3144 
3145 
3146 
3147 
3148 
3149 
3150 
3151 
3152 
3153 
3154 
3155 
3156 
3157 
3158 
3159 
3160 
3161 
3162 
3163 
3164 
3165 
3166 
3169 
3170 
3174 
3175 
3180 
3183 
3192 
3198 
3204 
3205 
3207 
3208 
3209 
3211 
3212 
3213 
3214 
3215 
3216 
3217 
3218 
3221 
3225 
3226 
3240 
3243 
3244 
3245 
3246 
3247 
3248 
3249 
3250 
3251 
3252 
3253 
3255 
3256 
3257 
3261 
3309 
3311 
3313 
3314 
3315 
3316 
3317 
3318 
3319 
3320 
3322 
3323 
3324 
3325 
3326 
3356 
3357 
3359 
3360 
3361 
3362 
3363 
3364 
3367 
3400 
3403 
3405 
3406 
3407 
3408 
3410 
3411 
3415 
3445 
3446 
3448 
3449 
3450 
3452 
3453 
3454 
3455 
3456 
3511 
3512 
3515 
3516 
3520 
3521 
3588 
3589 
3591 
3592 
3593 
3594 
3595 
3596 
3599 
3649 
3654 
3655 
3656 
3657 
3658 
3659 
3660 
3661 
3662 
3663 
3666 
3726 
3731 
3732 
3733 
3734 
3735 
3736 
3737 
3738 
3739 
3740 
3823 
3824 
3825 
3826 
3827 
3828 
3829 
3830 
3831 
3924 
3925 
3926 
3927 
3928 
3929 
3930 
3931 
3932 
3935 
3992 
3997 
3998 
3999 
4000 
4001 
4002 
4003 
4006 
4055 
4060 
4061 
4062 
4063 
4065 
4066 
4138 
4139 
4141 
4142 
4143 
4145 
4146 
4147 
4148 
4149 
4150 
4151 
4195 
4196 
4197 
4198 
4199 
4200 
4203 
4232 
4235 
4236 
4237 
4239 
4240 
4241 
4242 
4243 
4244 
4246 
4278 
4280 
4283 
4284 
4285 
4286 
4287 
4288 
4323 
4324 
4325 
4326 
4327 
4328 
4329 
4330 
4331 
4333 
4334 
4335 
4337 
4340 
4380 
4383 
4385 
4389 
4390 
4391 
4392 
4393 
4394 
4395 
4396 
4397 
4398 
4399 
4400 
4402 
4403 
4419 
4420 
4422 
4423 
4424 
4427 
4429 
4430 
4431 
4432 
4433 
4435 
4436 
4440 
4445 
4446 
4451 
4464 
4469 
4470 
4475 
4479 
4480 
4482 
4483 
4484 
4486 
4487 
4488 
4489 
4490 
4491 
4492 
4493 
4494 
4495 
4496 
4497 
4498 
4499 
4500 
4501 
4502 
4503 
4504 
4505 
4506 
4507 
4508 
4509 
4510 
4511 
4512 
4513 
4514 
4517 
4526 
4527 
4528 
4529 
4530 
4531 
4532 
4533 
4534 
4535 
4538 
4548 
4549 
4550 
4551 
4552 
4553 
4572 
4573 
4574 
4581 
4582 
4583 
4594 
4595 
4596 
4597 
4598 
4599 
4615 
4616 
4617 
4618 
4645 
4646 
4647 
4703 
4704 
4705 
4706 
4754 
4755 
4756 
4771 
4772 
4773 
4774 
4795 
4796 
4797 
4798 
4799 
4800 
4845 
4846 
4847 
4848 
4849 
4850 
4876 
4878 
4879 
4880 
4881 
4882 
4883 
4900 
4901 
4902 
4903 
4904 
4905 
4906 
4907 
4908 
4913 
4914 
4915 
4916 
4917 
4942 
4943 
4944 
4963 
4964 
4966 
4967 
4968 
4979 
4981 
4982 
4983 
4984 
4985 
4986 
4987 
4988 
4989 
4990 
4991 
4992 
4993 
4994 
4995 
4996 
4997 
4998 
4999 
5000 
5001 
5002 
5003 
5004 
5005 
5006 
5007 
5008 
5009 
5010 
5011 
5012 
5013 
5014 
5015 
5016 
5017 
5018 
5019 
5020 
5021 
5022 
5023 
5024 
5025 
5026 
5027 
5028 
5029 
5030 
5031 
5033 
5035 
5036 
5037 
5044 
5045 
5046 
5050 
5062 
5072 
5074 
5075 
5076 
5077 
5078 
5079 
5080 
5081 
5083 
5084 
5085 
5089 
5090 
5091 
5113 
5120 
5121 
5122 
5123 
5124 
5179 
5180 
5181 
5182 
5183 
5184 
5186 
5187 
5188 
5189 
5190 
5208 
5209 
5211 
5212 
5213 
5214 
5215 
5216 
5217 
5218 
5219 
5258 
5259 
5260 
5261 
5262 
5263 
5264 
5265 
5266 
5268 
5309 
5311 
5313 
5314 
5315 
5373 
5374 
5375 
5376 
5377 
5378 
5430 
5431 
5432 
5433 
5434 
5435 
5438 
5483 
5488 
5489 
5490 
5491 
5492 
5493 
5494 
5495 
5496 
5497 
5544 
5545 
5546 
5547 
5548 
5549 
5550 
5551 
5552 
5609 
5610 
5611 
5612 
5613 
5614 
5617 
5665 
5670 
5671 
5672 
5673 
5720 
5721 
5722 
5723 
5724 
5725 
5800 
5804 
14023 
14024 
14025 
14026 
14027 
14028 
14029 
14030 
14031 
14032 
14033 
14034 
14035 
14036 
5845 
14037 
14038 
14039 
5848 
14040 
5849 
14041 
5850 
14042 
5851 
14043 
5852 
14044 
5853 
14045 
14046 
14047 
14048 
14049 
14050 
14051 
14052 
14053 
14054 
14055 
14056 
14057 
14058 
14059 
14060 
14061 
14062 
14063 
14064 
14065 
14066 
14067 
5888 
14080 
5889 
14081 
5890 
14082 
5891 
14083 
5892 
14084 
5893 
14085 
5894 
5895 
14098 
14099 
14100 
5921 
14113 
5922 
14114 
5923 
14115 
5924 
5925 
5926 
5927 
5928 
5929 
14131 
14132 
14133 
5957 
5958 
5959 
14161 
14162 
14163 
14164 
14165 
14166 
14167 
14168 
14169 
5987 
5988 
5989 
5991 
5992 
5993 
14185 
5994 
14186 
5995 
14187 
5996 
14200 
14201 
14202 
14203 
14204 
6013 
14205 
14206 
14207 
14208 
6017 
6018 
6019 
6023 
6024 
6025 
6026 
6027 
6028 
6029 
6030 
6031 
6032 
6033 
6034 
14227 
6036 
14228 
14229 
6038 
14230 
6039 
14231 
6040 
14232 
14233 
14234 
14235 
6044 
6049 
14248 
14249 
14250 
14251 
14252 
14253 
6062 
14254 
14255 
14256 
14257 
14258 
6067 
14259 
6071 
6072 
6073 
6077 
6078 
6079 
6080 
14272 
6081 
14273 
6082 
14274 
6083 
14275 
6084 
14276 
6085 
14277 
6086 
14278 
6087 
14279 
6088 
14280 
6089 
6090 
6091 
6092 
6093 
6094 
6096 
6097 
6099 
6101 
14293 
6102 
14294 
6103 
14295 
14296 
14297 
14298 
6107 
14299 
14300 
14301 
6116 
6125 
6126 
6127 
6128 
6129 
6130 
6131 
6132 
6133 
6134 
6135 
6136 
14329 
14330 
14331 
14332 
14333 
14334 
6149 
6150 
6153 
6154 
6158 
6159 
14362 
14363 
14364 
14365 
14366 
14367 
14380 
14381 
14382 
6191 
6192 
6193 
6196 
6197 
6211 
6212 
6213 
6215 
14407 
6216 
14408 
14409 
6220 
6221 
6226 
6227 
6228 
14434 
14435 
14436 
6259 
6262 
6264 
14467 
14468 
14469 
14482 
14483 
14484 
6295 
6296 
6297 
6298 
6299 
6300 
14497 
14498 
14499 
14500 
14501 
14502 
14503 
14504 
14505 
14515 
14516 
14517 
14518 
14519 
14520 
14521 
14522 
14523 
14524 
14525 
14526 
14527 
14528 
14529 
14530 
14531 
14532 
14533 
14534 
14535 
14536 
6345 
14537 
14538 
14539 
6348 
14540 
14541 
6350 
14542 
6351 
14543 
6352 
14544 
6353 
14545 
14546 
6355 
14547 
14548 
6357 
14549 
6358 
14550 
14551 
14552 
14553 
14554 
14555 
14556 
14557 
14558 
14559 
14560 
14561 
14562 
14563 
14564 
14565 
14566 
14567 
14568 
14569 
6378 
14570 
14571 
14572 
14573 
14574 
6394 
6395 
6396 
14593 
14594 
14595 
14596 
14597 
14598 
14599 
14600 
14601 
14602 
14603 
14604 
6448 
6449 
6450 
14656 
14657 
14658 
14662 
14663 
14664 
6488 
6489 
6490 
14683 
14684 
6493 
14685 
6524 
6525 
6526 
6527 
6528 
6529 
14722 
14723 
14724 
14725 
14726 
14727 
14740 
14741 
14742 
6567 
6568 
6569 
6570 
6571 
6572 
14788 
14789 
14790 
14791 
14792 
14793 
14821 
14822 
14823 
6636 
6637 
6639 
6640 
6641 
6643 
6644 
14872 
14873 
14874 
14875 
14876 
14877 
14878 
14879 
14880 
6694 
6695 
6696 
6697 
6698 
6699 
6700 
6701 
6702 
14914 
14915 
14916 
14917 
14918 
6727 
14919 
14920 
14921 
6730 
14922 
6731 
6732 
6735 
6736 
6737 
6738 
14947 
14948 
14949 
14950 
14951 
14952 
14953 
14954 
14955 
6769 
6772 
6773 
6774 
6777 
6778 
6780 
6783 
6787 
6788 
14980 
6789 
14981 
6790 
14982 
6791 
14983 
6792 
14984 
6793 
14985 
6794 
14986 
6795 
14987 
6796 
14988 
14989 
6798 
14990 
14991 
6801 
6811 
6812 
6813 
6815 
6816 
6817 
6818 
6819 
6820 
6821 
6822 
6823 
6824 
6825 
6826 
6827 
6828 
6829 
6830 
6831 
6832 
6833 
15025 
6834 
15026 
6835 
15027 
6836 
15028 
6837 
15029 
6838 
15030 
6839 
15031 
6840 
15032 
6841 
15033 
6842 
15034 
6843 
15035 
6844 
15036 
6845 
6846 
6847 
6848 
6849 
6850 
6851 
6852 
6853 
6854 
6855 
6856 
6857 
6858 
6860 
6861 
6862 
6865 
6867 
6874 
6875 
6876 
6877 
6878 
6879 
6883 
6884 
15076 
6885 
15077 
15078 
6894 
6903 
6910 
6911 
15103 
6912 
15104 
15105 
6914 
15106 
15107 
6916 
15108 
6917 
15109 
15110 
15111 
6925 
6927 
6930 
6931 
6932 
6933 
6934 
6935 
6937 
6938 
6939 
6940 
6941 
6942 
6943 
6944 
6945 
6946 
6947 
6948 
6949 
6952 
6954 
6959 
6960 
15154 
15155 
15156 
15157 
15158 
15159 
15160 
15161 
15162 
6976 
6978 
6981 
6982 
6983 
15175 
6984 
15176 
6985 
15177 
6986 
15178 
6987 
15179 
6988 
15180 
6989 
6990 
6991 
6992 
6993 
6994 
6997 
6998 
6999 
7002 
7003 
7004 
7005 
15211 
15212 
15213 
15217 
15218 
15219 
15235 
15236 
15237 
15238 
15239 
15240 
15244 
15245 
15246 
15271 
15272 
15273 
15274 
15275 
15276 
7085 
7086 
7090 
7091 
7093 
7096 
7097 
7098 
7101 
7102 
7103 
7104 
7105 
7106 
7107 
7108 
7111 
7112 
15304 
7113 
15305 
15306 
15307 
7116 
15308 
7117 
15309 
7118 
15310 
7119 
15311 
15312 
15322 
15323 
15324 
15325 
15326 
15327 
15328 
15329 
15330 
15331 
15332 
15333 
15334 
15335 
15336 
15337 
15338 
15339 
15340 
15341 
15342 
15343 
15344 
15345 
15346 
15347 
15348 
15349 
15350 
15351 
15352 
15353 
7162 
15354 
7163 
15355 
15356 
15357 
7166 
15358 
15359 
15360 
7169 
15361 
7170 
15362 
7171 
15363 
15364 
15365 
7174 
15366 
7175 
15367 
7176 
15368 
7177 
15369 
7178 
15370 
7179 
15371 
7180 
15372 
7181 
15373 
7182 
15374 
7183 
15375 
15376 
15377 
15378 
15388 
15389 
15390 
15391 
15392 
15393 
15397 
15398 
15399 
15400 
15401 
15402 
15403 
15404 
15405 
15409 
15410 
15411 
15412 
15413 
15414 
15439 
15440 
15441 
7251 
7252 
7256 
7257 
7259 
7260 
7261 
7262 
7263 
7264 
7268 
7269 
15463 
15464 
15465 
7274 
7276 
7279 
15487 
15488 
15489 
15490 
15491 
15492 
15493 
15494 
15495 
7309 
7310 
7314 
7315 
7316 
7317 
7318 
7320 
7321 
15514 
7322 
15515 
7323 
15516 
7324 
7325 
7390 
7391 
7392 
7394 
7395 
7396 
7397 
7398 
7399 
7400 
7401 
7408 
7410 
7413 
15679 
15680 
15681 
15682 
15683 
7491 
15684 
7492 
7493 
7494 
7495 
7496 
7497 
7498 
7499 
7506 
7507 
15700 
7508 
15701 
15702 
15727 
15728 
15729 
15730 
15731 
15732 
15775 
15776 
15777 
7589 
7590 
7591 
7599 
7600 
7602 
7604 
7605 
7606 
7607 
7608 
7609 
15802 
7610 
15803 
7611 
15804 
7612 
7613 
15814 
15815 
15816 
15832 
15833 
15834 
15835 
15836 
15837 
15838 
15839 
15840 
15841 
15842 
15843 
15865 
15866 
15867 
15868 
15869 
15870 
15874 
15875 
15876 
15883 
15884 
15885 
7694 
7698 
7701 
7702 
7703 
7704 
7705 
7706 
7707 
7708 
7709 
15973 
15974 
15975 
16003 
16004 
16005 
16006 
16007 
16008 
16009 
16010 
16011 
7838 
7839 
7840 
7841 
7842 
7843 
7844 
7845 
7846 
16057 
16058 
16059 
16111 
16112 
16113 
7989 
7990 
7991 
7992 
7993 
7994 
7995 
7996 
7997 
8001 
8064 
8068 
8071 
8072 
8073 
8075 
8076 
8078 
8080 
8081 
8082 
8148 
8149 
8150 
8152 
8154 
8155 
8163 
8164 
8165 
8166 
8167 
8168 
8169 
16363 
16364 
8172 
16365 
8174 
)

// ************************************************************************* //
