/*--------------------------------*- C++ -*----------------------------------*\
| =========                 |                                                 |
| \\      /  F ield         | OpenFOAM: The Open Source CFD Toolbox           |
|  \\    /   O peration     | Version:  5.x                                   |
|   \\  /    A nd           | Web:      www.OpenFOAM.org                      |
|    \\/     M anipulation  |                                                 |
\*---------------------------------------------------------------------------*/
FoamFile
{
    version     2.0;
    format      ascii;
    class       cellSet;
    location    "constant/polyMesh/sets";
    object      region4;
}
// * * * * * * * * * * * * * * * * * * * * * * * * * * * * * * * * * * * * * //


3356
(
8192 
16384 
8193 
16385 
8194 
16386 
8196 
8197 
8198 
8199 
8200 
8201 
8202 
8203 
8204 
8205 
8206 
8207 
8208 
8209 
8210 
8211 
8213 
8214 
8218 
16429 
16430 
16431 
16432 
16433 
16434 
16435 
16436 
16437 
16438 
16439 
16440 
16441 
16442 
16443 
16444 
16445 
16446 
16462 
16463 
16464 
16465 
16466 
16467 
16468 
16469 
16470 
16471 
16472 
16473 
16474 
16475 
16476 
16486 
16487 
16488 
16489 
16490 
16491 
16492 
16493 
16494 
16495 
16496 
16497 
16498 
16499 
8308 
16500 
8309 
8310 
8311 
8312 
8313 
8317 
8318 
16510 
8319 
16511 
8320 
16512 
8321 
16513 
8322 
16514 
8323 
16515 
8324 
16516 
8325 
16517 
8326 
16518 
8327 
16519 
8328 
16520 
8329 
16521 
16522 
16523 
16524 
8336 
8337 
8338 
16537 
16538 
16539 
16540 
16541 
16542 
16543 
16544 
16545 
16546 
16547 
16548 
16549 
16550 
16551 
16552 
16553 
16554 
16558 
16559 
16560 
8369 
8374 
8378 
8379 
8380 
8381 
8382 
8383 
8384 
8385 
8386 
8387 
8388 
8389 
8390 
8391 
8392 
8396 
8432 
8433 
8434 
8437 
8441 
8442 
8443 
8444 
8445 
8447 
8448 
8449 
8450 
8451 
8452 
8453 
8454 
8455 
8456 
8457 
8458 
8459 
8460 
8461 
8462 
8463 
8464 
8465 
8468 
8469 
8470 
8473 
8475 
8476 
16693 
16694 
16695 
16705 
8514 
16706 
8515 
16707 
8517 
8519 
8520 
8521 
8522 
8523 
8524 
8525 
16717 
8526 
16718 
16719 
16720 
8529 
16721 
8530 
16722 
16729 
16730 
16731 
16732 
16733 
16734 
16735 
16736 
16737 
16738 
16739 
16740 
16741 
16742 
16743 
16744 
16745 
16746 
8580 
8581 
8582 
8583 
8584 
8588 
8593 
8594 
8595 
8596 
8598 
8599 
8606 
8607 
8608 
8609 
8610 
8611 
8612 
8613 
8615 
8616 
8617 
8621 
8626 
8633 
8634 
8635 
8636 
8637 
16972 
16973 
16974 
16981 
16982 
16983 
17011 
17012 
17013 
17029 
17030 
17031 
17032 
17033 
17034 
17035 
17036 
17037 
17047 
17048 
17049 
17050 
17051 
17052 
17053 
17054 
17055 
17056 
17057 
17058 
17107 
17108 
17109 
17110 
17111 
17112 
17113 
17114 
8923 
17115 
8924 
8925 
8926 
8927 
8928 
8932 
8933 
17125 
8934 
17126 
17127 
17128 
17129 
8938 
17130 
8939 
8940 
8941 
8942 
8943 
8944 
8945 
8946 
8947 
8948 
8949 
17146 
17147 
17148 
17149 
17150 
17151 
8962 
8963 
8964 
8965 
8966 
8967 
8974 
8975 
8976 
8977 
8978 
8979 
8980 
8981 
8982 
8986 
8987 
8988 
8989 
8990 
8991 
8996 
8997 
845 
846 
847 
17257 
17258 
17259 
17260 
17261 
17262 
17263 
17264 
17265 
884 
885 
886 
887 
888 
17272 
889 
17273 
17274 
17302 
17303 
17304 
17305 
17306 
923 
17307 
924 
925 
926 
927 
928 
17314 
17315 
17316 
17317 
17318 
17319 
17329 
17330 
17331 
17332 
17333 
17334 
17335 
17336 
17337 
17338 
17339 
17340 
17341 
17342 
17343 
962 
963 
964 
965 
966 
967 
968 
1001 
1002 
1003 
1004 
1005 
1006 
1007 
9216 
9219 
9220 
9221 
9222 
9223 
9224 
1040 
1041 
1042 
1043 
1044 
1045 
1046 
9239 
9240 
9241 
9242 
9243 
9244 
9245 
9246 
9247 
9248 
9249 
9250 
9251 
9252 
9253 
9254 
9255 
9256 
9260 
9262 
1079 
1080 
1081 
1082 
1083 
1084 
1085 
9278 
9279 
9280 
9281 
9282 
9298 
9299 
9300 
9301 
9302 
9303 
9304 
9308 
9309 
9310 
1120 
1121 
1122 
1123 
1124 
9341 
9342 
9343 
9344 
9354 
9355 
9356 
9357 
9358 
9359 
9360 
9361 
9362 
9363 
9364 
9365 
9368 
9369 
9370 
9372 
9373 
9374 
9375 
9376 
9377 
9378 
9379 
9380 
9381 
9382 
9383 
9390 
9391 
9392 
9393 
9394 
9395 
9396 
9397 
9398 
9399 
9400 
9401 
9402 
9403 
9404 
9417 
9418 
9419 
17623 
17624 
17625 
17629 
17630 
17631 
17671 
17672 
17673 
17674 
17675 
17676 
17677 
17678 
17679 
17701 
17702 
17703 
17722 
17723 
17724 
17725 
17726 
17727 
17728 
17729 
17730 
17731 
17732 
17733 
17734 
17735 
17736 
17737 
17738 
17739 
17758 
17759 
17760 
17761 
17762 
17763 
17764 
17765 
17766 
17773 
17774 
17775 
17776 
17777 
17778 
17779 
17780 
17781 
17785 
17786 
17787 
17791 
17792 
17793 
17794 
17795 
17796 
17797 
17798 
17799 
17800 
17801 
17802 
17803 
17804 
17805 
17806 
17807 
17808 
17809 
17810 
17811 
17812 
17813 
17814 
17815 
17816 
17817 
17827 
17828 
17829 
17836 
17837 
17838 
17839 
17840 
17841 
17845 
17846 
17847 
9666 
9667 
9669 
9670 
9671 
9672 
9673 
9674 
9676 
9677 
9684 
9685 
9686 
9687 
9688 
9689 
17881 
9690 
17882 
9691 
17883 
9692 
17884 
9693 
17885 
9694 
17886 
9695 
9696 
9697 
9698 
9699 
9700 
9701 
17893 
17894 
17895 
9711 
9712 
9713 
9714 
9715 
9737 
9738 
9739 
9740 
9741 
9742 
9743 
9750 
9751 
9752 
9753 
9754 
9755 
9756 
9760 
9761 
9762 
9763 
9764 
9765 
9766 
9767 
9768 
9769 
9770 
9771 
9772 
9773 
9777 
9778 
9779 
9780 
9781 
9782 
9786 
9787 
18004 
18005 
18006 
18028 
18029 
18030 
18031 
18032 
18033 
18037 
18038 
18039 
18046 
18047 
18048 
18061 
18062 
18063 
18166 
18167 
18168 
18181 
18182 
18183 
18184 
18185 
18186 
18187 
18188 
18189 
18190 
18191 
18192 
18196 
18197 
18198 
18253 
18254 
18255 
18259 
18260 
18261 
18265 
18266 
18267 
18280 
18281 
18282 
18283 
18284 
18285 
18286 
18287 
18288 
18289 
18290 
18291 
18358 
18359 
18360 
18361 
18362 
18363 
18364 
18365 
18366 
18367 
18368 
18369 
18373 
18374 
18375 
18376 
18377 
18378 
18388 
18389 
18390 
18391 
18392 
18393 
18394 
18395 
18396 
18397 
18398 
18399 
18400 
18401 
2018 
18402 
2019 
2021 
2022 
2024 
2063 
2065 
2066 
2067 
2068 
2069 
2070 
2071 
2072 
2073 
18457 
2074 
18458 
2075 
18459 
2077 
2078 
2080 
10278 
10279 
10280 
10284 
10285 
10286 
10289 
2108 
2110 
2111 
2112 
2113 
2114 
2115 
2116 
2117 
18535 
18536 
18537 
2154 
18538 
2155 
18539 
2156 
18540 
2157 
2158 
2159 
2160 
2161 
2162 
2163 
2165 
10380 
10382 
10386 
10387 
10388 
10392 
10393 
10394 
10395 
10396 
10397 
2205 
10398 
2206 
10399 
2207 
10400 
2208 
18592 
10401 
2209 
18593 
10402 
2210 
18594 
10403 
2211 
18595 
2212 
18596 
2213 
18597 
2214 
18598 
10407 
2215 
18599 
10408 
2216 
18600 
10409 
18601 
10410 
18602 
10411 
18603 
10412 
18604 
10413 
18605 
10414 
18606 
10415 
18607 
10416 
18608 
10417 
18609 
10418 
18610 
10419 
18611 
10420 
18612 
10421 
18613 
10422 
18614 
10423 
18615 
10424 
18616 
10425 
18617 
10426 
18618 
10427 
18619 
18620 
18621 
18622 
18623 
18624 
18625 
18626 
18627 
2244 
18628 
2245 
18629 
2246 
18630 
2247 
18631 
2248 
18632 
2249 
18633 
2250 
18634 
2251 
18635 
2252 
18636 
2253 
18637 
2254 
18638 
2255 
18639 
18640 
18641 
18642 
18643 
18644 
18645 
18646 
18647 
18648 
18649 
18650 
18651 
18652 
18653 
10462 
18654 
10463 
2271 
18655 
2272 
18656 
2273 
18657 
2274 
18658 
10467 
2275 
18659 
10468 
2276 
18660 
10469 
2277 
18661 
10470 
2278 
18662 
10471 
2279 
18663 
10472 
2280 
18664 
10473 
2281 
18665 
10474 
2282 
18666 
10475 
2283 
18667 
10476 
2284 
18668 
10477 
18669 
10478 
2286 
18670 
10479 
18671 
10480 
18672 
10481 
18673 
10482 
18674 
10483 
18675 
10484 
18676 
10485 
18677 
10486 
18678 
10487 
18679 
18680 
18681 
18682 
18683 
18684 
18685 
18686 
18687 
2304 
18688 
18689 
2306 
18690 
2307 
18691 
2308 
18692 
2309 
18693 
2310 
18694 
2311 
18695 
2312 
18696 
2313 
18697 
2314 
18698 
18699 
2316 
18700 
18701 
18702 
18703 
18704 
18705 
18706 
18707 
10516 
18708 
10517 
18709 
10518 
18710 
18711 
18712 
10521 
18713 
18714 
18715 
18716 
10525 
18717 
10526 
2334 
18718 
10527 
18719 
18720 
2337 
18721 
18722 
10531 
18723 
10532 
2340 
18724 
10533 
18725 
10534 
18726 
10535 
2343 
18727 
10536 
18728 
10537 
18729 
10538 
2346 
18730 
10539 
18731 
10540 
18732 
10541 
18733 
10542 
18734 
10543 
18735 
10544 
18736 
10545 
18737 
10546 
18738 
10547 
18739 
10548 
18740 
10549 
18741 
10550 
18742 
10551 
18743 
10552 
18744 
10553 
18745 
10554 
18746 
10555 
18747 
10556 
18748 
18749 
18750 
18751 
10560 
18752 
18753 
18754 
18755 
18756 
18757 
18758 
18759 
18760 
18761 
18762 
18763 
18764 
18765 
18766 
18767 
18768 
18769 
18770 
18771 
18772 
18773 
18774 
18775 
18776 
18777 
18778 
18779 
18780 
18781 
18782 
18783 
18784 
18785 
18786 
18787 
18788 
18789 
18790 
10623 
10624 
10625 
10626 
10627 
10628 
10629 
10630 
10631 
10632 
10633 
10634 
10635 
10636 
10637 
10644 
10647 
10648 
10649 
10650 
10651 
10652 
10653 
10654 
10655 
10656 
10657 
10658 
10659 
10660 
10661 
10662 
10663 
10664 
10668 
10669 
10670 
10674 
10675 
10676 
10680 
10681 
10682 
10683 
10684 
10685 
10686 
10687 
10688 
10689 
10690 
10691 
10692 
10693 
10694 
10699 
10700 
10701 
10702 
10703 
10713 
10715 
10719 
10720 
10721 
10722 
10723 
10724 
10725 
10726 
10727 
10728 
10729 
10730 
10731 
10732 
10733 
10734 
10735 
10736 
10737 
10738 
10739 
10743 
10745 
10758 
10759 
10760 
10764 
10765 
10766 
10767 
10768 
10769 
10772 
10776 
10779 
10780 
10781 
10785 
10786 
10787 
10914 
10920 
10926 
10927 
10928 
10929 
10930 
10931 
10932 
10933 
10934 
10963 
10964 
10965 
10966 
10980 
10981 
10982 
10983 
10984 
10985 
10986 
10987 
10988 
10992 
10993 
10995 
10996 
10997 
10998 
10999 
11000 
11004 
11005 
11007 
11008 
11009 
2817 
2818 
2820 
2821 
2822 
2823 
2824 
2825 
2826 
2827 
2828 
2829 
2830 
19219 
19220 
19221 
19222 
19223 
19224 
19225 
19226 
19227 
19228 
19229 
19230 
19231 
19232 
19233 
19234 
19235 
19236 
19237 
19238 
19239 
19240 
19241 
19242 
19243 
19244 
19245 
2862 
19246 
2863 
19247 
2864 
19248 
2865 
19249 
2866 
19250 
2867 
19251 
2868 
19252 
2869 
19253 
2870 
19254 
2871 
19255 
2872 
19256 
2873 
19257 
2874 
19258 
2875 
19259 
2876 
19260 
2877 
19261 
19262 
19263 
19264 
19265 
19266 
19267 
19268 
19269 
19270 
19271 
19272 
19273 
19274 
19275 
19276 
19277 
19278 
2895 
19279 
19280 
2897 
19281 
2898 
19282 
2899 
19283 
2900 
19284 
2901 
19285 
2902 
19286 
2903 
19287 
2904 
19288 
19289 
19290 
19291 
19292 
19293 
19294 
19295 
19296 
19297 
19298 
19299 
19300 
19301 
19302 
19303 
19304 
19305 
19306 
19307 
19308 
19309 
2926 
19310 
2927 
19311 
2928 
19312 
2929 
19313 
2930 
19314 
2931 
19315 
2932 
19316 
2933 
19317 
2934 
19318 
2935 
19319 
2936 
19320 
2937 
19321 
19322 
19323 
19324 
19325 
19326 
19327 
19328 
19329 
19330 
19331 
19332 
19333 
19334 
19335 
19336 
19337 
19338 
19339 
19340 
19341 
19342 
19343 
19344 
19345 
19346 
19347 
19348 
2965 
19349 
2966 
19350 
2967 
19351 
2968 
19352 
2969 
19353 
2970 
19354 
2971 
19355 
2972 
19356 
2973 
19357 
19358 
19359 
19360 
19361 
19362 
19363 
19364 
19365 
19366 
19367 
19368 
19369 
19370 
19371 
19372 
19373 
2990 
19374 
2991 
19375 
2992 
19376 
2993 
19377 
2994 
19378 
2995 
19379 
2996 
19380 
2997 
19381 
19382 
19383 
19384 
19385 
19386 
19387 
19388 
19389 
19390 
19391 
19392 
19393 
19394 
19395 
19396 
19397 
3014 
19398 
3015 
19399 
3016 
19400 
3017 
19401 
3018 
19402 
3019 
19403 
3020 
19404 
3021 
19405 
3022 
19406 
3023 
19407 
3024 
19408 
3025 
19409 
3026 
19410 
3027 
19411 
19412 
3029 
19413 
19414 
19415 
19416 
19417 
3053 
3054 
3055 
3056 
3057 
3058 
3059 
3062 
11310 
11312 
11316 
11317 
11318 
11319 
11320 
11322 
11323 
11324 
11325 
11326 
11327 
11329 
11330 
11331 
11332 
11334 
11335 
11336 
11340 
11349 
11350 
11351 
11352 
11353 
11354 
11355 
11356 
11359 
11360 
11361 
11362 
11363 
11364 
11365 
11366 
11367 
11368 
11369 
11370 
11389 
11390 
11391 
11392 
11393 
11394 
11395 
11396 
11397 
11398 
11399 
11400 
11406 
11425 
11426 
11427 
11428 
11429 
11430 
11431 
11432 
11433 
11434 
11435 
11436 
11437 
11438 
11439 
11440 
11441 
11442 
11443 
11444 
11446 
11447 
11450 
11454 
11455 
11456 
11499 
11500 
11501 
11502 
11503 
11504 
11505 
11506 
11507 
11508 
11509 
11510 
11511 
11512 
11513 
11514 
11515 
11516 
11523 
11524 
11525 
11526 
11527 
11528 
11529 
11536 
11537 
11538 
11542 
11543 
11544 
11546 
11547 
11551 
11552 
11553 
11554 
11555 
11556 
11557 
11558 
11559 
11560 
11561 
11565 
11566 
11567 
11569 
11570 
11571 
11572 
11573 
11574 
11575 
11576 
11577 
11578 
11579 
11580 
11581 
11582 
11586 
11588 
19846 
19847 
19848 
19849 
19850 
19851 
19852 
19853 
19854 
19855 
19856 
19857 
19858 
19859 
19860 
19861 
19862 
19863 
19864 
19865 
19866 
19867 
19868 
19869 
19870 
19871 
19872 
19873 
19874 
19875 
19876 
19877 
19878 
19879 
19880 
19881 
19882 
19883 
19884 
19885 
19886 
19887 
19888 
19889 
19890 
19891 
19892 
19893 
19894 
19895 
19896 
19897 
19898 
19899 
19900 
19901 
19902 
19903 
19904 
19905 
19906 
19907 
19908 
19909 
19910 
19911 
19912 
19913 
19914 
19915 
19916 
19917 
19918 
19919 
19920 
19921 
19922 
19923 
19924 
19925 
19926 
19927 
19928 
19929 
19930 
19931 
19932 
19933 
19934 
19935 
19936 
19937 
19938 
19939 
19940 
19941 
19942 
19943 
19944 
19945 
19946 
19947 
19948 
19949 
19950 
19951 
19952 
19953 
19954 
19955 
19956 
19957 
19958 
19959 
19960 
19961 
19962 
19963 
19964 
19965 
19966 
19967 
19968 
19969 
19970 
19971 
19972 
19973 
19974 
12001 
12002 
12003 
12006 
12010 
12011 
12012 
12013 
12014 
12015 
12021 
12022 
12023 
12024 
12025 
12026 
12027 
3838 
12031 
12034 
12035 
3843 
12036 
3844 
3849 
3850 
20239 
20240 
20241 
20242 
20243 
20244 
20245 
20246 
20247 
20248 
20249 
12058 
20250 
12059 
20251 
12060 
20252 
20253 
12062 
20254 
20255 
12064 
20256 
12065 
20257 
12066 
20258 
12067 
20259 
12068 
20260 
12069 
20261 
12070 
20262 
12071 
20263 
12072 
20264 
12073 
20265 
12074 
20266 
12075 
20267 
12076 
20268 
12077 
20269 
12078 
20270 
12079 
20271 
20272 
12081 
20273 
20274 
12083 
20275 
12084 
20276 
12085 
20277 
20278 
20279 
20280 
20281 
20282 
12091 
20283 
20284 
20285 
20286 
20287 
20288 
20289 
20290 
20291 
20292 
20293 
20294 
20295 
12104 
20296 
20297 
20298 
20299 
20300 
20301 
20302 
20303 
20304 
20305 
20306 
20307 
20308 
12126 
12127 
12128 
3936 
12129 
12130 
12131 
3939 
12133 
3941 
12134 
12135 
12136 
3945 
12138 
3946 
12139 
3947 
12140 
3948 
12141 
3949 
12142 
12143 
3951 
12144 
3952 
12145 
3953 
12146 
3954 
12147 
3955 
12148 
3956 
12149 
3957 
12150 
3958 
12151 
3959 
12152 
3960 
12153 
3961 
12154 
3962 
12155 
3963 
12156 
3964 
12157 
3966 
3967 
12177 
12178 
12179 
12180 
12182 
12183 
12184 
12185 
12186 
12187 
12188 
12189 
12190 
12191 
12192 
12193 
12194 
12195 
12196 
12197 
12199 
12200 
12201 
12202 
4010 
4016 
4017 
4018 
4019 
4020 
4021 
4022 
4023 
4024 
4025 
4026 
12219 
4027 
4029 
4030 
12223 
12225 
12229 
12230 
12231 
12232 
12233 
12234 
12235 
12236 
12237 
12238 
12239 
12240 
12241 
12242 
12246 
12248 
12252 
12253 
12254 
12256 
12257 
12261 
4070 
12263 
4071 
4073 
4074 
12267 
4075 
12268 
12269 
4077 
4078 
4079 
4080 
12273 
4081 
4082 
12275 
4083 
4084 
4085 
4086 
4087 
12280 
4088 
12281 
4089 
20473 
4090 
20474 
4091 
20475 
4092 
20476 
4093 
20477 
4094 
20478 
4095 
20479 
20480 
20481 
4098 
20482 
20483 
20484 
20485 
20486 
20487 
20488 
20489 
20490 
20491 
20492 
20493 
20494 
20495 
20496 
20497 
20498 
20499 
20500 
20501 
20502 
20503 
20504 
20505 
20506 
20507 
20508 
20509 
20510 
20511 
20512 
20513 
20514 
20515 
20516 
20517 
20518 
20519 
20520 
20521 
20522 
20523 
20524 
20525 
20526 
20527 
20528 
20529 
20530 
20531 
20532 
20533 
20534 
20535 
20536 
20537 
20538 
20539 
4156 
20540 
4157 
20541 
20542 
4159 
20543 
4160 
20544 
4161 
20545 
4162 
20546 
4163 
20547 
4164 
20548 
4165 
20549 
4166 
20550 
4167 
20551 
4168 
20552 
4169 
20553 
4170 
20554 
4171 
20555 
4172 
20556 
4173 
20557 
4174 
20558 
4175 
20559 
4176 
20560 
20561 
20562 
4179 
20563 
20564 
20565 
20566 
20567 
20568 
20569 
20570 
20571 
20572 
20573 
20574 
20575 
20576 
20577 
20578 
20579 
20580 
20581 
20582 
20583 
20584 
20585 
20586 
20587 
20588 
20589 
20590 
4207 
20591 
4208 
20592 
20593 
20594 
4210 
20595 
4211 
20596 
4212 
20597 
4213 
20598 
4214 
20599 
4215 
20600 
4216 
20601 
4217 
4218 
4219 
4220 
4221 
4222 
4223 
4224 
4225 
4226 
4227 
4228 
4231 
4250 
4253 
4255 
4256 
4257 
4258 
4259 
4260 
4261 
4262 
4263 
4264 
4265 
4266 
4267 
4268 
4270 
4271 
4272 
4273 
4297 
4299 
4300 
4302 
4303 
4304 
4305 
4306 
4307 
4308 
4309 
4310 
4311 
4312 
4313 
4316 
4317 
4344 
4347 
4349 
4351 
4352 
4353 
4354 
4356 
4357 
4358 
4360 
4361 
4362 
4363 
4365 
4366 
4367 
4369 
4370 
4372 
4374 
4375 
4377 
20866 
20867 
20868 
20869 
20870 
20871 
20872 
20873 
20874 
20875 
20876 
20877 
20878 
20879 
20880 
20881 
20882 
20883 
20884 
20885 
20886 
20887 
20888 
20889 
20890 
20891 
20892 
20893 
20894 
20895 
20896 
20897 
20898 
20899 
20900 
20901 
20902 
20903 
20904 
20905 
20906 
20907 
20908 
20909 
20910 
20911 
20912 
20913 
20914 
20915 
20916 
20917 
20918 
20919 
20920 
20921 
20922 
20923 
20924 
20925 
20926 
20927 
20928 
20929 
20930 
20931 
20932 
20933 
20934 
20935 
4783 
4784 
4785 
4786 
4805 
4807 
4808 
4809 
4810 
4830 
4831 
4832 
4857 
4887 
4888 
4889 
4890 
4891 
4892 
4893 
4894 
4895 
4896 
4922 
4923 
4924 
4925 
4926 
4927 
4928 
4929 
4932 
4933 
4934 
4935 
4936 
4937 
4938 
13162 
13166 
13167 
13168 
13179 
13180 
13181 
13182 
13184 
13185 
13186 
13187 
13188 
13189 
13212 
13213 
13214 
13215 
13216 
13220 
13222 
13328 
13330 
13331 
13332 
13338 
13339 
13340 
13341 
13342 
13343 
13344 
13345 
13346 
13347 
13348 
13349 
13350 
13351 
13352 
13353 
13354 
13355 
13356 
13359 
13360 
13361 
13362 
13363 
13369 
13370 
13371 
13373 
13417 
13420 
13421 
13422 
13423 
13429 
13430 
13431 
13432 
13433 
13434 
13435 
13436 
13437 
13438 
13439 
13440 
13441 
13442 
13443 
13444 
13445 
13446 
13447 
13448 
13449 
13450 
13451 
13452 
13455 
13459 
13460 
13461 
13462 
13463 
13464 
13510 
13511 
13512 
13516 
13525 
13527 
13528 
13529 
13531 
13532 
13533 
13534 
13535 
13536 
13537 
13538 
13539 
13540 
13541 
13542 
13543 
13544 
13545 
13546 
13547 
13548 
13549 
13550 
13551 
13552 
13553 
13554 
13555 
13556 
13557 
13558 
13559 
13560 
13561 
13562 
13563 
13564 
13565 
13566 
13568 
13671 
13672 
13673 
13674 
13675 
13676 
13677 
13678 
13679 
13680 
13681 
13682 
13689 
13690 
13691 
13692 
13693 
13694 
13695 
13696 
13697 
13698 
13699 
13700 
13701 
13702 
13715 
13716 
13717 
13718 
13719 
13720 
13724 
13725 
13726 
13734 
13735 
13739 
13740 
13741 
13742 
13743 
13744 
13745 
13746 
13747 
13748 
13749 
13750 
13751 
13752 
13753 
5562 
13754 
13755 
13756 
5565 
13757 
13758 
5567 
13759 
13760 
13761 
13762 
5571 
5572 
5573 
13766 
13767 
5576 
13769 
13770 
13771 
5580 
13777 
13778 
13779 
13780 
13781 
13782 
13783 
13784 
13785 
13786 
13788 
13789 
13790 
13791 
13792 
13793 
13794 
13795 
13796 
13797 
13798 
13799 
13800 
13801 
13802 
13803 
13804 
13805 
13806 
13807 
13808 
13809 
13810 
13811 
13812 
5621 
13813 
5622 
13814 
13815 
5624 
13816 
5625 
13817 
5626 
5627 
5628 
5630 
5631 
13823 
13824 
5633 
13825 
5634 
13829 
13830 
13832 
13833 
13834 
13835 
13836 
13838 
13839 
13840 
13841 
13842 
13843 
13850 
13851 
13852 
13856 
13858 
13862 
13863 
13864 
13865 
13866 
13867 
13868 
13869 
13870 
13871 
5680 
13872 
5681 
13873 
5682 
13874 
5683 
5684 
13876 
5685 
13877 
5686 
13878 
5687 
5688 
5689 
5690 
5691 
5692 
5695 
13891 
13892 
13894 
13895 
13896 
13897 
13898 
13899 
13900 
13901 
13902 
13904 
13906 
13907 
13915 
13916 
13917 
13918 
13919 
13920 
13921 
13922 
13923 
13925 
13926 
13927 
13928 
5738 
5739 
5740 
5741 
5742 
5743 
5744 
5745 
5746 
5747 
5748 
5749 
5750 
13942 
5751 
13943 
5752 
13944 
13945 
13946 
13947 
5756 
13948 
13949 
13950 
13951 
13952 
13953 
13955 
13956 
13957 
13958 
13960 
13961 
13962 
13963 
13964 
13965 
13972 
13973 
13974 
13982 
13983 
13985 
13987 
13988 
13989 
13996 
13997 
13998 
13999 
14000 
14001 
14003 
14004 
5817 
5818 
5819 
5820 
5821 
5822 
5823 
5824 
5825 
5826 
5827 
5828 
14020 
5829 
14021 
14022 
5863 
5864 
5865 
5866 
5867 
5868 
5869 
5870 
5871 
5872 
5873 
5874 
5875 
5878 
5900 
5903 
5904 
5905 
5906 
5907 
5908 
5909 
5910 
5911 
5915 
5916 
5917 
5936 
5937 
5939 
5940 
5941 
5942 
5943 
5944 
5945 
5946 
5947 
5949 
5951 
5952 
5953 
14305 
14306 
14307 
14338 
14339 
14340 
14341 
14342 
14343 
14344 
14345 
14346 
14347 
14348 
14349 
14374 
14375 
14376 
14386 
14387 
14388 
14389 
14390 
14391 
14392 
14393 
14394 
14395 
14396 
14397 
14413 
14414 
14415 
14416 
14417 
14418 
14443 
14444 
14445 
14455 
14456 
14457 
6494 
6497 
6499 
6502 
6503 
6504 
6505 
6506 
6508 
6511 
6536 
6537 
6540 
6541 
6542 
6543 
6544 
6545 
6546 
6547 
6548 
6549 
6550 
6551 
6552 
6553 
6554 
6556 
6557 
6559 
6603 
6604 
6605 
6608 
6609 
6610 
6611 
6612 
6613 
6614 
6615 
6616 
6617 
6618 
6619 
6620 
6654 
6657 
6658 
6659 
6660 
6661 
6662 
6663 
6666 
6688 
6689 
6690 
6704 
6706 
6707 
6709 
6710 
6711 
6712 
6713 
6714 
6715 
6716 
6717 
6719 
6720 
6722 
6724 
6725 
6745 
6748 
6749 
6750 
6751 
6752 
6753 
6754 
6755 
6756 
6759 
6763 
14998 
14999 
15000 
15001 
15002 
15003 
15004 
15005 
15006 
15007 
15008 
15009 
15010 
15011 
15012 
15013 
15014 
15015 
15040 
15041 
15042 
15043 
15044 
15045 
15082 
15083 
15084 
15085 
15086 
15087 
15088 
15089 
15090 
15091 
15092 
15093 
15121 
15122 
15123 
15124 
15125 
15126 
15127 
15128 
15129 
15166 
15167 
15168 
15169 
15170 
15171 
15172 
15173 
15174 
15184 
15185 
15186 
15187 
15188 
15189 
15190 
15191 
15192 
15193 
15194 
15195 
15196 
15197 
15198 
15199 
15200 
15201 
15202 
15203 
15204 
15226 
15227 
15228 
15229 
15230 
15231 
15259 
15260 
15261 
15634 
15635 
15636 
15637 
15638 
15639 
15640 
15641 
15642 
15664 
15665 
15666 
15667 
15668 
15669 
15670 
15671 
15672 
15673 
15674 
15675 
15688 
15689 
15690 
15691 
15692 
15693 
15703 
15704 
15705 
15706 
15707 
15708 
15709 
15710 
15711 
15712 
15713 
15714 
15733 
15734 
15735 
15736 
15737 
15738 
15739 
15740 
15741 
15742 
15743 
15744 
15760 
15761 
15762 
15763 
15764 
15765 
15766 
15767 
15768 
15778 
15779 
15780 
15781 
15782 
15783 
15784 
15785 
15786 
15787 
15788 
15789 
15790 
15791 
15792 
15793 
15794 
15795 
15796 
15797 
15798 
15805 
15806 
15807 
15808 
15809 
15810 
7855 
7865 
7868 
7869 
7870 
7883 
7885 
7888 
8008 
8009 
8011 
8013 
8014 
8019 
8020 
8021 
8022 
8023 
8024 
8025 
8026 
8027 
8029 
8030 
8033 
8035 
8036 
16273 
16274 
16275 
16279 
8088 
16280 
16281 
16282 
16283 
8092 
16284 
16285 
16286 
16287 
16288 
16289 
8098 
16290 
8099 
16291 
8100 
16292 
8101 
16293 
8102 
16294 
8103 
16295 
8104 
16296 
8105 
8106 
8107 
8108 
8112 
8115 
8116 
8117 
16330 
16331 
16332 
16333 
16334 
16335 
16336 
16337 
16338 
16369 
16370 
16371 
16372 
8181 
16373 
16374 
16375 
16376 
16377 
8186 
16378 
8187 
16379 
8188 
16380 
8189 
16381 
16382 
8191 
16383 
)

// ************************************************************************* //
